1.379421632892293417e-10
6.529155148332137199e-11
3.711856842097709770e-11
2.374071802732708233e-11
1.647000821321723849e-11
1.212620540599821101e-11
9.332846756417262651e-12
7.434053370905818004e-12
6.085947627387047938e-12
5.090086627841323645e-12
4.334933313975368188e-12
3.748237327678271339e-12
3.282010637076498906e-12
2.904628439148281589e-12
2.594940366633173584e-12
2.336820439707479274e-12
2.120027647972056930e-12
1.936166593221149740e-12
1.777752652040274189e-12
1.640422881715018927e-12
1.520725325646654756e-12
1.415730290999107106e-12
1.322843297940780245e-12
1.240288454895334506e-12
1.166560339617589863e-12
1.100416818931748758e-12
1.040756459264322563e-12
9.867773363816803267e-13
9.377524033851555643e-13
8.930043805756976888e-13
8.520550570527217139e-13
8.144759891152592556e-13
7.798666458381696646e-13
7.479381473996238366e-13
7.184295267536210081e-13
6.910912100348402460e-13
6.657191961006810507e-13
6.421208769892226522e-13
6.201036447385446844e-13
5.994898202363592469e-13
5.801614397689093113e-13
5.620154684720707189e-13
5.449488714817191087e-13
5.288663554567720255e-13
5.137035931483134236e-13
4.994039988304690616e-13
4.859109867773649003e-13
4.731679712631262945e-13
4.611195192171140850e-13
4.497148081896280272e-13
4.389041683862027568e-13
4.286379300123728082e-13
4.188664232736730191e-13
4.095449606010755635e-13
4.006487833273034257e-13
3.921581150105171789e-13
3.840531792088774973e-13
3.763141994805449542e-13
3.689213993836803247e-13
3.618555459525118020e-13
3.550995801255389674e-13
3.486369863173287192e-13
3.424512489424484100e-13
3.365258524154651401e-13
3.308442811509459087e-13
3.253900195634580180e-13
3.201478289278037881e-13
3.151075779597264184e-13
3.102604122352044292e-13
3.055974773302162904e-13
3.011099188207404717e-13
2.967888822827553926e-13
2.926255132922395731e-13
2.886109574251714328e-13
2.847369478154256077e-13
2.809975678284615503e-13
2.773874883876345765e-13
2.739013804163002549e-13
2.705339148378142041e-13
2.672797625755317907e-13
2.641335945528085829e-13
2.610900816930000482e-13
2.581441598736578619e-13
2.552918247891183293e-13
2.525293370879139130e-13
2.498529574185769242e-13
2.472589464296400780e-13
2.447435647696355847e-13
2.423030730870960079e-13
2.399337320305538103e-13
2.376318022485414041e-13
2.353938056747935722e-13
2.332173093838544793e-13
2.311001417354704593e-13
2.290401310893881484e-13
2.270351058053538047e-13
2.250828942431139888e-13
2.231813247624151606e-13
2.213282257230037547e-13
2.195214254846261552e-13
2.177587524070288976e-13
2.160380348499584165e-13
2.143572308026848924e-13
2.127148167725735914e-13
2.111093988965134748e-13
2.095395833113936051e-13
2.080039761541029437e-13
2.065011835615304773e-13
2.050298116705652431e-13
2.035884666180962026e-13
2.021757545410123930e-13
2.007902815762027756e-13
1.994306538605564130e-13
1.980954775309622160e-13
1.967834527318460074e-13
1.954936556377806503e-13
1.942252564308757429e-13
1.929774252932409338e-13
1.917493324069858214e-13
1.905401479542200036e-13
1.893490421170531544e-13
1.881751850775948973e-13
1.870177470179548304e-13
1.858758981202425519e-13
1.847488085665677609e-13
1.836356485390400051e-13
1.825355882197689584e-13
1.814478547749136116e-13
1.803719033068305513e-13
1.793072459019257567e-13
1.782533946466051816e-13
1.772098616272748811e-13
1.761761589303407585e-13
1.751517986422088183e-13
1.741362928492850397e-13
1.731291536379754018e-13
1.721298930946858586e-13
1.711380233058224146e-13
1.701530563577910741e-13
1.691745043369977406e-13
1.682018793298484691e-13
1.672346934227491882e-13
1.662724999701580221e-13
1.653150173987414738e-13
1.643620054032182921e-13
1.634132236783070743e-13
1.624684319187265442e-13
1.615273898191953749e-13
1.605898570744321890e-13
1.596555933791556849e-13
1.587243584280845611e-13
1.577959119159374401e-13
1.568700135374330203e-13
1.559464229872899750e-13
1.550248999602269520e-13
1.541052041509626750e-13
1.531870952542157665e-13
1.522703329647048493e-13
1.513546769771487227e-13
1.504399142026094607e-13
1.495259404175230431e-13
1.486126786146690526e-13
1.477000517868269455e-13
1.467879829267762540e-13
1.458763950272964346e-13
1.449652110811669688e-13
1.440543540811674644e-13
1.431437470200773023e-13
1.422333128906760397e-13
1.413229746857431078e-13
1.404126553980581398e-13
1.395022780204005162e-13
1.385917655455497945e-13
1.376810409662854058e-13
1.367700272753869580e-13
1.358586474656338318e-13
1.349468245298056602e-13
1.340344814606818239e-13
1.331215583170497379e-13
1.322080634217282466e-13
1.312940221635440270e-13
1.303794599313237811e-13
1.294644021138942363e-13
1.285488741000821199e-13
1.276329012787140836e-13
1.267165090386168547e-13
1.257997227686171099e-13
1.248825678575416272e-13
1.239650696942170834e-13
1.230472536674700796e-13
1.221291451661274694e-13
1.212107695790158539e-13
1.202921522949619856e-13
1.193733187027925920e-13
1.184542941913342993e-13
1.175351041494138602e-13
1.166157739658579515e-13
1.156963290294933510e-13
1.147767947291466851e-13
1.138572050180821042e-13
1.129376281073135900e-13
1.120181407722923957e-13
1.110988197884699134e-13
1.101797419312974848e-13
1.092609839762264642e-13
1.083426226987081930e-13
1.074247348741940382e-13
1.065073972781353162e-13
1.055906866859834064e-13
1.046746798731896001e-13
1.037594536152053145e-13
1.028450846874818533e-13
1.019316498654705710e-13
1.010192259246228468e-13
1.001078896403899973e-13
9.919771778822336395e-14
9.828878714357432635e-14
9.738117448189420084e-14
9.647495657863434167e-14
9.557021020924611571e-14
9.466701214918085194e-14
9.376543917388990463e-14
9.286556983418844481e-14
9.196748978234679718e-14
9.107128644599920420e-14
9.017704725277981999e-14
8.928485963032286178e-14
8.839481100626248368e-14
8.750698880823286505e-14
8.662148046386822312e-14
8.573837340080271200e-14
8.485775504667053631e-14
8.397971282910585015e-14
8.310433417574288337e-14
8.223170651421580271e-14
8.136191727215877492e-14
8.049505387720602982e-14
7.963120375699168369e-14
7.877045433914999161e-14
7.791289305131508244e-14
7.705860732112118605e-14
7.620768457620244392e-14
7.536021224419308590e-14
7.451627775272726611e-14
7.367596852943917653e-14
7.283937200196300915e-14
7.200657559793294331e-14
7.117766674498315839e-14
7.035272909015356656e-14
6.953183115810689774e-14
6.871503769291161466e-14
6.790241343863618005e-14
6.709402313934905664e-14
6.628993153911866929e-14
6.549020338201353124e-14
6.469490341210205471e-14
6.390409637345274031e-14
6.311784701013398767e-14
6.233622006621428476e-14
6.155928028576210693e-14
6.078709241284589167e-14
6.001972119153410171e-14
5.925723136589519979e-14
5.849968767999763602e-14
5.774715487790987312e-14
5.699969770370036121e-14
5.625738090143758195e-14
5.552026921518996022e-14
5.478842738902597136e-14
5.406192016701407179e-14
5.334081229322272425e-14
5.262516851172037885e-14
5.191505356657549832e-14
5.121053220185653277e-14
5.051166916163195756e-14
4.981852918997020386e-14
4.913117703093975964e-14
4.844967001133904943e-14
4.777403578888644584e-14
4.710429460403030854e-14
4.644046669721901609e-14
4.578257230890089661e-14
4.513063167952432866e-14
4.448466504953766560e-14
4.384469265938927969e-14
4.321073474952749904e-14
4.258281156040070222e-14
4.196094333245725519e-14
4.134515030614549868e-14
4.073545272191379865e-14
4.013187082021052106e-14
3.953442484148400662e-14
3.894313502618264023e-14
3.835802161475476262e-14
3.777910484764873342e-14
3.720640496531291861e-14
3.663994220819565890e-14
3.607973681674533918e-14
3.552580903141030649e-14
3.497817909263890785e-14
3.443686724087952185e-14
3.390189371658049551e-14
3.337327876019018219e-14
3.285104261215696045e-14
3.233520551292917102e-14
3.182578770295517986e-14
3.132280942268334662e-14
3.082629091256202464e-14
3.033625241303957358e-14
2.985271416456435939e-14
2.937568830033688166e-14
2.890515452456623764e-14
2.844108443421368342e-14
2.798344962624045935e-14
2.753222169760782152e-14
2.708737224527700081e-14
2.664887286620925332e-14
2.621669515736583200e-14
2.579081071570797403e-14
2.537119113819693237e-14
2.495780802179394733e-14
2.455063296346028135e-14
2.414963756015716844e-14
2.375479340884586156e-14
2.336607210648760104e-14
2.298344525004363982e-14
2.260688443647522771e-14
2.223636126274360189e-14
2.187184732581002161e-14
2.151331422263572089e-14
2.116073355018195901e-14
2.081407690540997629e-14
2.047331588528102568e-14
2.013842208675634751e-14
1.980936710679719159e-14
1.948612254236480771e-14
1.916865999042043620e-14
1.885695104792533317e-14
1.855096731184073895e-14
1.825068037912790334e-14
1.795606184674807613e-14
1.766708331166249765e-14
1.738371637083242087e-14
1.710593262121908926e-14
1.683370365978375578e-14
1.656700108348766076e-14
1.630579648929205715e-14
1.605005660252282860e-14
1.579972866196444461e-14
1.555475503476600853e-14
1.531507808807661740e-14
1.508064018904538720e-14
1.485138370482141497e-14
1.462725100255381038e-14
1.440818444939167677e-14
1.419412641248411907e-14
1.398501925898024694e-14
1.378080535602916059e-14
1.358142707077996652e-14
1.338682677038176808e-14
1.319694682198367020e-14
1.301172959273478097e-14
1.283111744978420374e-14
1.265505276028104502e-14
1.248347789137440815e-14
1.231633521021339964e-14
1.215356708394712444e-14
1.199511587972468587e-14
1.184092396469519047e-14
1.169093370600774314e-14
1.154508747081144883e-14
1.140332762625541246e-14
1.126559653948874054e-14
1.113183657766053801e-14
1.100199010791990662e-14
1.087599949741595448e-14
1.075380711329778808e-14
1.063535532271451078e-14
1.052058649281522435e-14
1.040944299074903846e-14
1.030186718366505804e-14
1.019780143871238800e-14
1.009718812304012856e-14
9.999969603797390955e-15
9.906088248133278530e-15
9.815486423196894640e-15
9.728106633370562871e-15
9.643891931969475119e-15
9.562785509542043515e-15
9.484730556636672299e-15
9.409670263801772024e-15
9.337547821585754820e-15
9.268306420537028084e-15
9.201889251204000790e-15
9.138239504135083490e-15
9.077300369878683582e-15
9.019015038983213194e-15
8.963326701997078147e-15
8.910178549468692148e-15
8.859513771946457860e-15
8.811275559978793725e-15
8.765407104114099250e-15
8.721851594900791299e-15
8.680552222887274113e-15
8.641452178621958244e-15
8.604494652653257400e-15
8.569622835529575823e-15
8.536779917799325641e-15
8.505909090010911097e-15
8.476953542712749054e-15
8.449856466453242176e-15
8.424561051780804169e-15
8.401010489243842431e-15
8.379147969390767514e-15
8.358916682769986815e-15
8.340259819929910886e-15
8.323120571418948702e-15
8.307442127785507659e-15
8.293167679578003043e-15
8.280240417344837517e-15
8.268603531634421634e-15
8.258200212995167523e-15
8.248973651975484160e-15
8.240867039123778940e-15
8.233823564988460839e-15
8.227790020288655571e-15
8.222727596426341613e-15
8.218601084974217338e-15
8.215375277504974807e-15
8.213014965591313971e-15
8.211484940805925313e-15
8.210749994721505628e-15
8.210774918910751712e-15
8.211524504946357204e-15
8.212963544401018897e-15
8.215056828847430433e-15
8.217769149858290183e-15
8.221065299006288631e-15
8.224910067864125728e-15
8.229268248004495113e-15
8.234104631000090426e-15
8.239384008423610038e-15
8.245071171847747590e-15
8.251130912845196721e-15
8.257528022988657380e-15
8.264227293850821631e-15
8.271193517004384689e-15
8.278391484022041773e-15
8.285785986476491253e-15
8.293341815940423616e-15
8.301023763986538810e-15
8.308796622187528898e-15
8.316625182116093829e-15
8.324474235344920933e-15
8.332308573446713315e-15
8.340092987994163036e-15
8.347792270559963736e-15
8.355371212716813788e-15
8.362794606037408409e-15
8.370027242094441238e-15
8.377033912460607492e-15
8.383779408708603966e-15
8.390228522411125878e-15
8.396346045140866866e-15
8.402101143146715258e-15
8.407480481382322354e-15
8.412475099477535721e-15
8.417076037062196613e-15
8.421274333766149441e-15
8.425061029219238616e-15
8.428427163051308549e-15
8.431363774892203650e-15
8.433861904371766751e-15
8.435912591119845420e-15
8.437506874766279333e-15
8.438635794940914478e-15
8.439290391273596845e-15
8.439461703394169266e-15
8.439140770932476151e-15
8.438318633518358756e-15
8.436986330781666225e-15
8.435134902352239813e-15
8.432755387859923929e-15
8.429838826934566141e-15
8.426376259206002971e-15
8.422358724304085139e-15
8.417777261858655479e-15
8.412622911499558402e-15
8.406886712856635162e-15
8.400559705559734903e-15
8.393632929238697304e-15
8.386097423523366773e-15
8.377944228043590878e-15
8.369164382429212452e-15
8.359748926310074326e-15
8.349688899316022491e-15
8.338975341076898200e-15
8.327599291222547442e-15
8.315551789382817783e-15
8.302823875187547323e-15
8.289406588266583628e-15
8.275290968249771108e-15
8.260468054766952597e-15
8.244931869137256066e-15
8.228688359436940574e-15
8.211746455431550319e-15
8.194115086886627922e-15
8.175803183567712848e-15
8.156819675240350872e-15
8.137173491670086193e-15
8.116873562622459852e-15
8.095928817863011315e-15
8.074348187157287935e-15
8.052140600270832333e-15
8.029314986969183974e-15
8.005880277017888633e-15
7.981845400182487352e-15
7.957219286228524331e-15
7.932010864921540610e-15
7.906229066027080390e-15
7.879882819310684711e-15
7.852981054537899350e-15
7.825532701474263772e-15
7.797546689885322175e-15
7.769031949536615601e-15
7.739997410193691403e-15
7.710452001622087470e-15
7.680404653587349576e-15
7.649864295855018765e-15
7.618839858190639234e-15
7.587340270359752026e-15
7.555374462127902916e-15
7.522951363260629793e-15
7.490079903523478430e-15
7.456769012681994606e-15
7.423027620501713050e-15
7.388864656748184272e-15
7.354289051186947737e-15
7.319309733583546066e-15
7.283935633703523455e-15
7.248175681312419370e-15
7.212038806175781165e-15
7.175534709755910665e-15
7.138676180302159134e-15
7.101476777760644144e-15
7.063950062077476163e-15
7.026109593198769608e-15
6.987968931070640469e-15
6.949541635639202373e-15
6.910841266850567368e-15
6.871881384650851445e-15
6.832675548986169019e-15
6.793237319802630561e-15
6.753580257046354429e-15
6.713717920663452672e-15
6.673663870600037336e-15
6.633431666802227570e-15
6.593034869216132267e-15
6.552487037787867418e-15
6.511801732463547438e-15
6.470992513189285953e-15
6.430072939911197377e-15
6.389056572575394547e-15
6.347956971127992666e-15
6.306787695515105360e-15
6.265562305682846255e-15
6.224294361577328976e-15
6.182997423144669516e-15
6.141685050330980711e-15
6.100370803082374609e-15
6.059068241344968781e-15
6.017790925064876062e-15
5.976552414188209290e-15
5.935366268661082091e-15
5.894246048429611245e-15
5.853205313439908011e-15
5.812257623638086016e-15
5.771416538970262829e-15
5.730695619382549709e-15
5.690108424821061071e-15
5.649668515231911330e-15
5.609388530158765841e-15
5.569277427535496095e-15
5.529343244893527681e-15
5.489594019764281453e-15
5.450037789679184577e-15
5.410682592169657909e-15
5.371536464767126247e-15
5.332607445003014391e-15
5.293903570408742406e-15
5.255432878515739037e-15
5.217203406855425138e-15
5.179223192959225508e-15
5.141500274358562580e-15
5.104042688584859576e-15
5.066858473169542872e-15
5.029955665644034112e-15
4.993342303539757307e-15
4.957026424388137256e-15
4.921016065720596392e-15
4.885319265068559513e-15
4.849944059963449053e-15
4.814898487936689810e-15
4.780190586519705795e-15
4.745828393243919441e-15
4.711819945640754758e-15
4.678173281241636546e-15
4.644896437577988024e-15
4.611997452181232417e-15
4.579484362582793733e-15
4.547365206314095982e-15
4.515648020906562388e-15
4.484340843891616959e-15
4.453451712800682129e-15
4.422988665165184274e-15
4.392959738516546616e-15
4.363372970386190010e-15
4.334236398305541622e-15
4.305558059806022307e-15
4.277345992419058441e-15
4.249606756875597892e-15
4.222341006704694211e-15
4.195547918634927171e-15
4.169226669394875759e-15
4.143376435713117381e-15
4.117996394318233390e-15
4.093085721938801982e-15
4.068643595303402931e-15
4.044669191140612856e-15
4.021161686179015476e-15
3.998120257147184253e-15
3.975544080773703695e-15
3.953432333787149633e-15
3.931784192916101840e-15
3.910598834889139301e-15
3.889875436434841791e-15
3.869613174281788295e-15
3.849811225158557798e-15
3.830468765793729286e-15
3.811584972915881744e-15
3.793159023253594158e-15
3.775190093535446301e-15
3.757677360490017159e-15
3.740620000845885716e-15
3.724017191331630171e-15
3.707868108675831874e-15
3.692171929607068233e-15
3.676927830853918234e-15
3.662134989144961650e-15
3.647792581208777468e-15
3.633899783773943883e-15
3.620455773569042247e-15
3.607459727322649179e-15
3.594910821763345243e-15
3.582808233619709422e-15
3.571151139620320704e-15
3.559938716493758073e-15
3.549170140968600909e-15
3.538844589773428196e-15
3.528960243139388342e-15
3.519511295307909012e-15
3.510490944022987685e-15
3.501892387028620660e-15
3.493708822068805021e-15
3.485933446887537856e-15
3.478559459228816644e-15
3.471580056836638078e-15
3.464988437454998454e-15
3.458777798827896041e-15
3.452941338699327137e-15
3.447472254813289222e-15
3.442363744913778199e-15
3.437609006744791549e-15
3.433201238050327934e-15
3.429133636574381681e-15
3.425399400060951847e-15
3.421991726254034334e-15
3.418903812897626624e-15
3.416128857735725408e-15
3.413660058512328561e-15
3.411490612971431591e-15
3.409613718857032767e-15
3.408022573913128781e-15
3.406710375883716325e-15
3.405670322512792879e-15
3.404895611544354345e-15
3.404379440722399783e-15
3.404115007790924699e-15
3.404095510493926180e-15
3.404314146575400919e-15
3.404764113779347577e-15
3.405438609849761270e-15
3.406330832530639873e-15
3.407433979565980470e-15
3.408741248699780148e-15
3.410245837676035205e-15
3.411940944238743515e-15
3.413819766131901376e-15
3.415875408107292577e-15
3.418100602947846153e-15
3.420487990444277053e-15
3.423030210387299831e-15
3.425719902567631015e-15
3.428549706775985159e-15
3.431512262803077607e-15
3.434600210439623702e-15
3.437806189476338000e-15
3.441122839703936632e-15
3.444542800913134548e-15
3.448058712894646304e-15
3.451663215439188819e-15
3.455348948337474678e-15
3.459108551380222378e-15
3.462934664358144109e-15
3.466819927061956791e-15
3.470756979282374979e-15
3.474738460810114412e-15
3.478757011435890433e-15
3.482805270950417597e-15
3.486875879144411248e-15
3.490961475808587518e-15
3.495054700733660172e-15
3.499148193710345739e-15
3.503234594529358772e-15
3.507306542981414222e-15
3.511356678857228614e-15
3.515377641947515715e-15
3.519362072042992447e-15
3.523302608934371785e-15
3.527191892412370258e-15
3.531022562267703209e-15
3.534787258291085982e-15
3.538478620273232736e-15
3.542089288004859605e-15
3.545611901276681933e-15
3.549039099879414667e-15
3.552363523603772758e-15
3.555578424343232642e-15
3.558679502402311573e-15
3.561663070188289872e-15
3.564525440108443519e-15
3.567262924570054018e-15
3.569871835980398138e-15
3.572348486746756593e-15
3.574689189276406153e-15
3.576890255976626744e-15
3.578947999254695135e-15
3.580858731517892829e-15
3.582618765173497384e-15
3.584224412628787150e-15
3.585671986291041261e-15
3.586957798567538854e-15
3.588078161865557488e-15
3.589029388592376299e-15
3.589807791155274424e-15
3.590409681961530210e-15
3.590831373418421215e-15
3.591069177933229733e-15
3.591119407913230165e-15
3.590978375765704804e-15
3.590642393897929631e-15
3.590107774717185359e-15
3.589370830630749548e-15
3.588427874045901334e-15
3.587275217369919065e-15
3.585909173010082664e-15
3.584326053373668904e-15
3.582522170867957708e-15
3.580493837900228213e-15
3.578237366877757978e-15
3.575749070207826928e-15
3.573025260297712622e-15
3.570062249554693406e-15
3.566856350386049997e-15
3.563403875199059951e-15
3.559701136401001617e-15
3.555745237584668356e-15
3.551536447084906489e-15
3.547075824422078535e-15
3.542364429116545432e-15
3.537403320688667727e-15
3.532193558658807149e-15
3.526736202547325034e-15
3.521032311874582715e-15
3.515082946160940738e-15
3.508889164926761622e-15
3.502452027692405518e-15
3.495772593978234549e-15
3.488851923304609262e-15
3.481691075191890596e-15
3.474291109160440676e-15
3.466653084730620442e-15
3.458778061422790833e-15
3.450667098757313579e-15
3.442321256254550016e-15
3.433741593434861082e-15
3.424929169818608507e-15
3.415885044926152443e-15
3.406610278277855014e-15
3.397105929394077159e-15
3.387373057795180213e-15
3.377412723001525906e-15
3.367225984533475178e-15
3.356813901911388179e-15
3.346177534655628218e-15
3.335317942286555051e-15
3.324236184324530407e-15
3.312933320289915621e-15
3.301410409703071634e-15
3.289668512084359779e-15
3.277708686954141786e-15
3.265531993832778596e-15
3.253139492240631544e-15
3.240532241698061174e-15
3.227711301725429611e-15
3.214678223759874695e-15
3.201436526905642263e-15
3.187990222183754261e-15
3.174343320615233822e-15
3.160499833221102498e-15
3.146463771022383421e-15
3.132239145040099326e-15
3.117829966295272556e-15
3.103240245808924270e-15
3.088473994602079570e-15
3.073535223695758433e-15
3.058427944110984778e-15
3.043156166868780553e-15
3.027723902990167705e-15
3.012135163496169366e-15
2.996393959407808666e-15
2.980504301746106370e-15
2.964470201532086791e-15
2.948295669786770695e-15
2.931984717531182001e-15
2.915541355786342657e-15
2.898969595573274216e-15
2.882273447913001387e-15
2.865456923826544145e-15
2.848524034334926804e-15
2.831478790459170130e-15
2.814325203220298435e-15
2.797067283639332879e-15
2.779709042737296593e-15
2.762254491535211919e-15
2.744707641054101594e-15
2.727072502314987170e-15
2.709353086338891779e-15
2.691553404146838157e-15
2.673677466759848252e-15
2.655729285198944800e-15
2.637712870485149749e-15
2.619632233639486624e-15
2.601491385682976980e-15
2.583294347478762111e-15
2.565045179258454399e-15
2.546747951095786362e-15
2.528406733064488546e-15
2.510025595238291893e-15
2.491608607690928525e-15
2.473159840496129777e-15
2.454683363727626591e-15
2.436183247459150696e-15
2.417663561764433427e-15
2.399128376717206119e-15
2.380581762391200106e-15
2.362027788860146330e-15
2.343470526197776520e-15
2.324914044477822800e-15
2.306362413774014927e-15
2.287819704160085025e-15
2.269289985709765218e-15
2.250777328496785658e-15
2.232285802594878468e-15
2.213819478077774984e-15
2.195382425019205752e-15
2.176978713492903290e-15
2.158612413572597750e-15
2.140287595332021255e-15
2.122008328844905930e-15
2.103778684184981138e-15
2.085602731425979790e-15
2.067484540641632829e-15
2.049428181905671589e-15
2.031437725291827404e-15
2.013517240873831610e-15
1.995670798725415543e-15
1.977902468920310536e-15
1.960216321532248714e-15
1.942616426634960229e-15
1.925106854302177205e-15
1.907691674607630187e-15
1.890374957625051694e-15
1.873160425002596707e-15
1.856050404686119525e-15
1.839046876195898485e-15
1.822151819052211138e-15
1.805367212775337007e-15
1.788695036885553245e-15
1.772137270903138587e-15
1.755695894348371370e-15
1.739372886741529935e-15
1.723170227602892619e-15
1.707089896452737564e-15
1.691133872811343306e-15
1.675304136198987986e-15
1.659602666135949943e-15
1.644031442142507516e-15
1.628592443738938846e-15
1.613287650445522272e-15
1.598119041782536329e-15
1.583088597270258766e-15
1.568198296428968906e-15
1.553450118778944103e-15
1.538846043840463089e-15
1.524388051133804202e-15
1.510078120179245389e-15
1.495918230497065183e-15
1.481910361607542319e-15
1.468056493030954149e-15
1.454358604287579800e-15
1.440818674897697020e-15
1.427438684381584542e-15
1.414220612259520507e-15
1.401166438051783056e-15
1.388278141278650924e-15
1.375557701460401856e-15
1.363007098117314586e-15
1.350628310769667059e-15
1.338423318937738204e-15
1.326394102141805374e-15
1.314542639902147895e-15
1.302870484782866942e-15
1.291377481523359386e-15
1.280063047906844936e-15
1.268926601716543495e-15
1.257967560735674970e-15
1.247185342747459857e-15
1.236579365535117864e-15
1.226149046881869292e-15
1.215893804570933256e-15
1.205813056385530846e-15
1.195906220108881374e-15
1.186172713524204747e-15
1.176611954414721657e-15
1.167223360563651420e-15
1.158006349754214335e-15
1.148960339769630306e-15
1.140084748393119240e-15
1.131378993407901633e-15
1.122842492597196799e-15
1.114474663744225234e-15
1.106274924632206450e-15
1.098242693044360747e-15
1.090377386763908424e-15
1.082678423574068794e-15
1.075145221258062355e-15
1.067777197599109013e-15
1.060573770380428868e-15
1.053534357385241433e-15
1.046658376396767008e-15
1.039945245198225891e-15
1.033394381572837396e-15
1.027005203303822021e-15
1.020777128174399868e-15
1.014709573967790447e-15
1.008801958467214059e-15
1.003053699455891004e-15
9.974642147170403968e-16
9.920329220338831299e-16
9.867592391896387139e-16
9.816423240437397418e-16
9.766802947604687687e-16
9.718710095803206429e-16
9.672123267437904100e-16
9.627021044913729184e-16
9.583382010635636081e-16
9.541184747008569329e-16
9.500407836437481358e-16
9.461029861327318677e-16
9.423029404083035687e-16
9.386385047109580872e-16
9.351075372811902715e-16
9.317078963594949700e-16
9.284374401863674255e-16
9.252940270023026834e-16
9.222755150477951978e-16
9.193797625633406059e-16
9.166046277894335587e-16
9.139479689665691020e-16
9.114076443352420839e-16
9.089815121359475501e-16
9.066674306091807435e-16
9.044632579954361178e-16
9.023668525352091131e-16
9.003760724689943805e-16
8.984887760372871629e-16
8.967028214805821113e-16
8.950160670393744686e-16
8.934263709541592802e-16
8.919315914654313947e-16
8.905295868136858574e-16
8.892182152394175169e-16
8.879953349831213200e-16
8.868588042852922137e-16
8.858064813864255394e-16
8.848362245270159483e-16
8.839458919475586831e-16
8.831333418885482963e-16
8.823964325904801294e-16
8.817330169325803193e-16
8.811409263490013405e-16
8.806179869126265620e-16
8.801620246963391552e-16
8.797708657730229819e-16
8.794423362155617068e-16
8.791742620968385014e-16
8.789644694897373260e-16
8.788107844671412538e-16
8.787110331019340478e-16
8.786630414669991754e-16
8.786646356352203999e-16
8.787136416794809914e-16
8.788078856726642201e-16
8.789451936876543422e-16
8.791233917973342335e-16
8.793403060745877557e-16
8.795937625922983762e-16
8.798815874233494639e-16
8.802016066406247819e-16
8.805516463170077976e-16
8.809295325253817811e-16
8.813330913386306929e-16
8.817601488296379018e-16
8.822085310712866779e-16
8.826760641364608830e-16
8.831605740980438859e-16
8.836598870289191540e-16
8.841718290019704504e-16
8.846942260900812426e-16
8.852249043661347022e-16
8.857616899030148880e-16
8.863024087736048732e-16
8.868448870507886181e-16
8.873869508074491956e-16
8.879264261164705663e-16
8.884611390507359015e-16
8.889889156831287674e-16
8.895075820865331243e-16
8.900151438934633300e-16
8.905103249749610512e-16
8.909920287616981545e-16
8.914591586843469011e-16
8.919106181735799466e-16
8.923453106600697494e-16
8.927621395744885706e-16
8.931600083475088687e-16
8.935378204098031019e-16
8.938944791920433343e-16
8.942288881249022215e-16
8.945399506390524191e-16
8.948265701651655965e-16
8.950876501339146065e-16
8.953220939759723021e-16
8.955288051220099583e-16
8.957066870027008222e-16
8.958546430487171552e-16
8.959715766907310211e-16
8.960563913594150755e-16
8.961079904854415796e-16
8.961252774994831890e-16
8.961071558322121649e-16
8.960525289143005712e-16
8.959603001764210634e-16
8.958293730492462973e-16
8.956586509634483367e-16
8.954470373496994429e-16
8.951934356386722713e-16
8.948967492610392805e-16
8.945558816474727315e-16
8.941697362286448855e-16
8.937372164352283981e-16
8.932572256978953333e-16
8.927286674473185439e-16
8.921504451141698966e-16
8.915214621291220469e-16
8.908406219228472562e-16
8.901068279260183771e-16
8.893191991311089282e-16
8.884777167778006120e-16
8.875825776675766844e-16
8.866339786019196123e-16
8.856321163823128488e-16
8.845771878102393537e-16
8.834693896871823829e-16
8.823089188146249949e-16
8.810959719940498538e-16
8.798307460269406100e-16
8.785134377147799275e-16
8.771442438590511606e-16
8.757233612612372695e-16
8.742509867228210167e-16
8.727273170452861512e-16
8.711525490301151399e-16
8.695268794787913371e-16
8.678505051927979000e-16
8.661236229736175914e-16
8.643464296227338643e-16
8.625191219416294814e-16
8.606418967317876984e-16
8.587149507946916727e-16
8.567384809318241669e-16
8.547126839446683382e-16
8.526377566347074423e-16
8.505138958034244393e-16
8.483412982523024864e-16
8.461201607828245434e-16
8.438506801964739648e-16
8.415330532947334146e-16
8.391674768790861488e-16
8.367541477510152259e-16
8.342932627120039015e-16
8.317850185635350372e-16
8.292296121070917901e-16
8.266272401441572187e-16
8.239780994762143816e-16
8.212823869047463373e-16
8.185404260217689389e-16
8.157530475814284277e-16
8.129212091284040366e-16
8.100458682073745055e-16
8.071279823630192647e-16
8.041685091400172512e-16
8.011684060830474022e-16
7.981286307367889506e-16
7.950501406459206364e-16
7.919338933551217910e-16
7.887808464090715490e-16
7.855919573524486501e-16
7.823681837299325245e-16
7.791104830862019122e-16
7.758198129659361447e-16
7.724971309138139619e-16
7.691433944745144982e-16
7.657595611927170852e-16
7.623465886131004627e-16
7.589054342803439622e-16
7.554370557391264225e-16
7.519424105341268790e-16
7.484224562100246635e-16
7.448781503114984173e-16
7.413104503832275704e-16
7.377203139698909615e-16
7.341086986161678234e-16
7.304765618667369948e-16
7.268248612662778071e-16
7.231545543594689017e-16
7.194665986909898073e-16
7.157619518055192638e-16
7.120415712477364057e-16
7.083064145623203672e-16
7.045574392939500855e-16
7.007956029873046950e-16
6.970218631870633299e-16
6.932371774379048287e-16
6.894425032845084246e-16
6.856387941945524606e-16
6.818269873277125099e-16
6.780080157666639462e-16
6.741828125940812557e-16
6.703523108926399106e-16
6.665174437450148903e-16
6.626791442338810754e-16
6.588383454419135436e-16
6.549959804517871757e-16
6.511529823461774440e-16
6.473102842077588345e-16
6.434688191192066225e-16
6.396295201631959843e-16
6.357933204224018006e-16
6.319611529794990507e-16
6.281339509171628123e-16
6.243126473180680648e-16
6.204981752648898859e-16
6.166914678403031564e-16
6.128934581269832499e-16
6.091050792076050469e-16
6.053272641648432311e-16
6.015609460813733732e-16
5.978070580398700580e-16
5.940665331230085606e-16
5.903403044134638603e-16
5.866293049939109364e-16
5.829344679470249651e-16
5.792567263554806301e-16
5.755970133019534035e-16
5.719562618691179688e-16
5.683354051396495025e-16
5.647353761962229838e-16
5.611571081215134904e-16
5.576015339981960018e-16
5.540695869089454971e-16
5.505621999364371528e-16
5.470803061633459481e-16
5.436248386723467637e-16
5.401966363006911132e-16
5.367961609039357600e-16
5.334237800922138048e-16
5.300798614756583482e-16
5.267647726644023923e-16
5.234788812685790377e-16
5.202225548983215822e-16
5.169961611637629293e-16
5.138000676750362782e-16
5.106346420422748281e-16
5.075002518756115812e-16
5.043972647851794407e-16
5.013260483811119018e-16
4.982869702735417693e-16
4.952803980726022424e-16
4.923066993884265204e-16
4.893662418311476053e-16
4.864593930108985977e-16
4.835865205378125982e-16
4.807479920220228062e-16
4.779441750736622236e-16
4.751754373028639511e-16
4.724421463197610893e-16
4.697446697344867388e-16
4.670833751571740990e-16
4.644586301979562703e-16
4.618708024669662549e-16
4.593202595743371534e-16
4.568073691302022636e-16
4.543324987446945876e-16
4.518960160279469301e-16
4.494982885900927863e-16
4.471396840412651582e-16
4.448205699915971464e-16
4.425413140512218022e-16
4.403022838302722756e-16
4.381038469388816179e-16
4.359463709871829297e-16
4.338302235853094104e-16
4.317556659037998919e-16
4.297225333548165764e-16
4.277305549109273478e-16
4.257794595447000903e-16
4.238689762287029839e-16
4.219988339355037648e-16
4.201687616376704650e-16
4.183784883077710672e-16
4.166277429183734557e-16
4.149162544420456130e-16
4.132437518513554727e-16
4.116099641188709683e-16
4.100146202171601809e-16
4.084574491187908469e-16
4.069381797963310969e-16
4.054565412223487657e-16
4.040122623694117868e-16
4.026050722100882908e-16
4.012346997169460138e-16
3.999008738625531360e-16
3.986033236194772949e-16
3.973417779602867196e-16
3.961159658575492452e-16
3.949256162838327556e-16
3.937704582117053816e-16
3.926502206137349086e-16
3.915646324624893687e-16
3.905134227305366954e-16
3.894963203904447727e-16
3.885130544147817314e-16
3.875633537761152582e-16
3.866469474470135332e-16
3.857635644000443912e-16
3.849129336077758150e-16
3.840947840427757872e-16
3.833088446776121427e-16
3.825548444848529136e-16
3.818325124370660825e-16
3.811415775068195829e-16
3.804817130871875885e-16
3.798523702532694801e-16
3.792529445006709774e-16
3.786828313249976031e-16
3.781414262218551260e-16
3.776281246868490194e-16
3.771423222155851017e-16
3.766834143036689939e-16
3.762507964467062185e-16
3.758438641403025446e-16
3.754620128800635439e-16
3.751046381615948870e-16
3.747711354805022441e-16
3.744609003323911379e-16
3.741733282128674358e-16
3.739078146175365126e-16
3.736637550420042359e-16
3.734405449818761774e-16
3.732375799327579583e-16
3.730542553902551997e-16
3.728899668499736213e-16
3.727441098075187949e-16
3.726160797584963417e-16
3.725052721985119813e-16
3.724110826231713348e-16
3.723329065280800728e-16
3.722701394088438162e-16
3.722221767610681862e-16
3.721884140803588532e-16
3.721682468623213891e-16
3.721610706025615628e-16
3.721662807966849461e-16
3.721832729402971603e-16
3.722114425290038755e-16
3.722501850584107624e-16
3.722988960241234913e-16
3.723569709217475848e-16
3.724238052468887624e-16
3.724987944951526947e-16
3.725813471304577990e-16
3.726709234899739729e-16
3.727669968791839103e-16
3.728690406035701080e-16
3.729765279686154077e-16
3.730889322798025034e-16
3.732057268426138424e-16
3.733263849625323651e-16
3.734503799450406175e-16
3.735771850956212442e-16
3.737062737197569392e-16
3.738371191229303469e-16
3.739691946106242600e-16
3.741019734883211750e-16
3.742349290615039338e-16
3.743675346356550331e-16
3.744992635162573147e-16
3.746295890087932752e-16
3.747579844187457565e-16
3.748839230515973046e-16
3.750068782128307119e-16
3.751263232079284751e-16
3.752417313423734361e-16
3.753525759216481902e-16
3.754583302512353818e-16
3.755584676366177543e-16
3.756524613832778043e-16
3.757397847966984229e-16
3.758199111823622054e-16
3.758923138457518457e-16
3.759564660923499391e-16
3.760118412276391302e-16
3.760579125571022115e-16
3.760941533862218276e-16
3.761200370204805737e-16
3.761350367653611438e-16
3.761386259263462318e-16
3.761302778089185808e-16
3.761094657185607369e-16
3.760757201163081440e-16
3.760288000854073449e-16
3.759685218646575340e-16
3.758947016928577577e-16
3.758071558088073088e-16
3.757057004513054310e-16
3.755901518591513678e-16
3.754603262711442644e-16
3.753160399260832163e-16
3.751571090627676152e-16
3.749833499199965073e-16
3.747945787365692349e-16
3.745906117512849431e-16
3.743712652029427767e-16
3.741363553303420781e-16
3.738856983722818936e-16
3.736191105675615162e-16
3.733364081549800907e-16
3.730374073733369102e-16
3.727219244614311197e-16
3.723897756580619627e-16
3.720407772020286336e-16
3.716747453321302773e-16
3.712914962871661375e-16
3.708908463059354578e-16
3.704726116272373338e-16
3.700366084898711079e-16
3.695826531326358756e-16
3.691105617943308806e-16
3.686201507137553172e-16
3.681112361297084290e-16
3.675836342809893611e-16
3.670371614063974062e-16
3.664716337447316602e-16
3.658868675347913666e-16
3.652826790153757197e-16
3.646588844252840618e-16
3.640153000033153406e-16
3.633517419882689476e-16
3.626680855043671280e-16
3.619644412175247736e-16
3.612409786790797777e-16
3.604978674403699844e-16
3.597352770527334843e-16
3.589533770675081707e-16
3.581523370360318383e-16
3.573323265096426764e-16
3.564935150396783317e-16
3.556360721774769933e-16
3.547601674743765055e-16
3.538659704817147121e-16
3.529536507508296545e-16
3.520233778330592260e-16
3.510753212797414678e-16
3.501096506422141255e-16
3.491265354718152401e-16
3.481261453198827545e-16
3.471086497377546113e-16
3.460742182767687530e-16
3.450230204882629745e-16
3.439552259235754648e-16
3.428710041340439696e-16
3.417705246710064313e-16
3.406539570858008419e-16
3.395214709297651935e-16
3.383732357542372807e-16
3.372094211105550955e-16
3.360301965500566298e-16
3.348357316240797771e-16
3.336261958839624799e-16
3.324017588810425822e-16
3.311625901666582241e-16
3.299088592921472001e-16
3.286407358088474530e-16
3.273583892680969253e-16
3.260619892212335598e-16
3.247517052195953484e-16
3.234277068145200859e-16
3.220901921499760941e-16
3.207394737404526704e-16
3.193758926930692938e-16
3.179997901149455423e-16
3.166115071132009938e-16
3.152113847949551275e-16
3.137997642673276198e-16
3.123769866374379500e-16
3.109433930124055974e-16
3.094993244993502878e-16
3.080451222053915003e-16
3.065811272376488129e-16
3.051076807032417049e-16
3.036251237092897047e-16
3.021337973629124889e-16
3.006340427712295366e-16
2.991262010413604259e-16
2.976106132804246358e-16
2.960876205955418923e-16
2.945575640938315759e-16
2.930207848824134124e-16
2.914776240684067331e-16
2.899284227589312639e-16
2.883735220611065333e-16
2.868132630820519713e-16
2.852479869288873528e-16
2.836780347087320094e-16
2.821037475287056173e-16
2.805254664959277546e-16
2.789435327175179004e-16
2.773582873005956327e-16
2.757700713522804799e-16
2.741792259796920692e-16
2.725860922899498307e-16
2.709910113901734900e-16
2.693943243874824771e-16
2.677963723889963699e-16
2.661974965018347463e-16
2.645980378331171347e-16
2.629983285141539486e-16
2.613986647730190907e-16
2.597993338619772503e-16
2.582006230332932149e-16
2.566028195392316736e-16
2.550062106320574141e-16
2.534110835640351253e-16
2.518177255874295458e-16
2.502264239545054631e-16
2.486374659175275170e-16
2.470511387287605445e-16
2.454677296404692346e-16
2.438875259049183256e-16
2.423108147743725067e-16
2.407378835010966148e-16
2.391690193373552897e-16
2.376045095354132696e-16
2.360446413475353424e-16
2.344897020259862462e-16
2.329399788230306703e-16
2.313957589909333529e-16
2.298573297819590818e-16
2.283249784483725459e-16
2.267989922424384836e-16
2.252796584164217320e-16
2.237672642225868814e-16
2.222620969131986702e-16
2.207644437405219353e-16
2.192745919568213166e-16
2.177928288143616757e-16
2.163194415654076029e-16
2.148547174622239107e-16
2.133989437570752880e-16
2.119524077022265225e-16
2.105153965499423280e-16
2.090881975524874674e-16
2.076710979621266298e-16
2.062643850311245783e-16
2.048683460117460265e-16
2.034832360422232961e-16
2.021091818046588941e-16
2.007462778671229850e-16
1.993946187976855850e-16
1.980542991644168834e-16
1.967254135353869703e-16
1.954080564786658869e-16
1.941023225623238222e-16
1.928083063544308172e-16
1.915261024230570117e-16
1.902558053362724961e-16
1.889975096621473853e-16
1.877513099687517697e-16
1.865173008241557645e-16
1.852955767964294352e-16
1.840862324536429710e-16
1.828893623638663882e-16
1.817050610951698265e-16
1.805334232156234010e-16
1.793745432932972266e-16
1.782285158962614186e-16
1.770954355925859931e-16
1.759753969503411147e-16
1.748684945375969229e-16
1.737748229224234589e-16
1.726944766728908870e-16
1.716275503570692483e-16
1.705741385430286825e-16
1.695343357988393046e-16
1.685082366925711556e-16
1.674959357922944493e-16
1.664975276660792267e-16
1.655131068819955536e-16
1.645427680081135942e-16
1.635866056125034390e-16
1.626447142632351783e-16
1.617171885283789765e-16
1.608041229760048254e-16
1.599056121741829139e-16
1.590217188157528429e-16
1.581523780926323043e-16
1.572974933215085251e-16
1.564569678190686829e-16
1.556307049020000049e-16
1.548186078869897179e-16
1.540205800907250243e-16
1.532365248298931018e-16
1.524663454211812267e-16
1.517099451812765521e-16
1.509672274268663296e-16
1.502380954746377368e-16
1.495224526412780009e-16
1.488202022434743241e-16
1.481312475979139581e-16
1.474554920212840560e-16
1.467928388302718446e-16
1.461431913415645511e-16
1.455064528718494024e-16
1.448825267378135763e-16
1.442713162561442750e-16
1.436727247435287748e-16
1.430866555166542289e-16
1.425130118922078395e-16
1.419516971868768337e-16
1.414026147173484384e-16
1.408656678003098560e-16
1.403407597524483136e-16
1.398277938904509887e-16
1.393266735310051330e-16
1.388373019907979243e-16
1.383595825865165648e-16
1.378934186348482816e-16
1.374387134524803264e-16
1.369953703560998521e-16
1.365632926623941104e-16
1.361423836880502297e-16
1.357325467497555356e-16
1.353336851641971812e-16
1.349456871745593938e-16
1.345683807300144764e-16
1.342015787062318308e-16
1.338450939788806123e-16
1.334987394236302723e-16
1.331623279161500646e-16
1.328356723321093665e-16
1.325185855471774813e-16
1.322108804370236877e-16
1.319123698773173627e-16
1.316228667437277852e-16
1.313421839119243076e-16
1.310701342575762333e-16
1.308065306563528655e-16
1.305511859839236062e-16
1.303039131159576846e-16
1.300645249281244286e-16
1.298328342960931910e-16
1.296086540955332995e-16
1.293917972021140575e-16
1.291820764915047930e-16
1.289793048393748092e-16
1.287832951213934339e-16
1.285938602132300200e-16
1.284108129905538458e-16
1.282339663290342395e-16
1.280631331043405535e-16
1.278981261921420666e-16
1.277387584681081312e-16
1.275848428079080753e-16
1.274361920872111776e-16
1.272926191816867907e-16
1.271539369670042177e-16
1.270199583188327868e-16
1.268904961128418257e-16
1.267653632247006624e-16
1.266443725300785509e-16
1.265273369046449178e-16
1.264140692240690170e-16
1.263043875653112736e-16
1.261981308104963780e-16
1.260951430430402163e-16
1.259952683463585266e-16
1.258983508038671212e-16
1.258042344989818122e-16
1.257127635151184611e-16
1.256237819356928060e-16
1.255371338441206838e-16
1.254526633238178821e-16
1.253702144582002622e-16
1.252896313306836116e-16
1.252107580246837180e-16
1.251334386236163194e-16
1.250575172108974006e-16
1.249828378699426259e-16
1.249092446841678567e-16
1.248365817369888559e-16
1.247646931118214850e-16
1.246934228920815560e-16
1.246226151611848566e-16
1.245521140025471741e-16
1.244817634995843209e-16
1.244114077357121583e-16
1.243408907943463999e-16
1.242700567589029564e-16
1.241987497127975908e-16
1.241268137394460659e-16
1.240540929222642431e-16
1.239804313446679346e-16
1.239056730900729279e-16
1.238296622418950106e-16
1.237522428835500440e-16
1.236732590984537911e-16
1.235925549700221133e-16
1.235099745816707488e-16
1.234253620168155097e-16
1.233385613588722823e-16
1.232494166912568293e-16
1.231577890011326536e-16
1.230636068906542676e-16
1.229668158657238988e-16
1.228673614322436763e-16
1.227651890961158279e-16
1.226602443632425811e-16
1.225524727395261143e-16
1.224418197308686552e-16
1.223282308431723575e-16
1.222116515823394734e-16
1.220920274542721815e-16
1.219693039648726846e-16
1.218434266200431857e-16
1.217143409256858387e-16
1.215819923877029697e-16
1.214463265119966585e-16
1.213072888044691574e-16
1.211648247710226695e-16
1.210188799175593237e-16
1.208693997499814710e-16
1.207163297741912159e-16
1.205596154960907366e-16
1.203992024215822854e-16
1.202350360565680409e-16
1.200670619069502058e-16
1.198952254786310080e-16
1.197194722775126011e-16
1.195397478094972374e-16
1.193559975804870706e-16
1.191681670963843531e-16
1.189762018630912632e-16
1.187800473865099793e-16
1.185796491725427290e-16
1.183749527270916906e-16
1.181659035560590920e-16
1.179524471653471359e-16
1.177345290608580256e-16
1.175120947484939393e-16
1.172850897341570800e-16
1.170534759153922611e-16
1.168172807563148607e-16
1.165765481126827686e-16
1.163313218402538746e-16
1.160816457947861918e-16
1.158275638320375855e-16
1.155691198077660439e-16
1.153063575777294570e-16
1.150393209976857885e-16
1.147680539233929775e-16
1.144926002106089139e-16
1.142130037150915862e-16
1.139293082925989087e-16
1.136415577988887713e-16
1.133497960897191871e-16
1.130540670208480213e-16
1.127544144480332376e-16
1.124508822270327752e-16
1.121435142136045485e-16
1.118323542635065214e-16
1.115174462324966083e-16
1.111988339763327236e-16
1.108765613507728559e-16
1.105506722115748826e-16
1.102212104144967675e-16
1.098882198152964250e-16
1.095517442697318190e-16
1.092118276335608763e-16
1.088685137625414866e-16
1.085218465124316261e-16
1.081718697389892216e-16
1.078186272979722122e-16
1.074621630451385124e-16
1.071025208362460737e-16
1.067397445270528227e-16
1.063738779733167111e-16
1.060049650307956533e-16
1.056330495552475761e-16
1.052581754024304185e-16
1.048803936487487595e-16
1.044997842531936752e-16
1.041164343954028936e-16
1.037304312550140937e-16
1.033418620116650528e-16
1.029508138449934498e-16
1.025573739346370128e-16
1.021616294602334576e-16
1.017636676014205124e-16
1.013635755378358683e-16
1.009614404491172782e-16
1.005573495149024207e-16
1.001513899148290611e-16
9.974364882853485355e-17
9.933421343565760011e-17
9.892317091583493031e-17
9.851060844870462160e-17
9.809661321390436513e-17
9.768127239107187672e-17
9.726467315984490914e-17
9.684690269986114124e-17
9.642804819075830114e-17
9.600819681217411699e-17
9.558743574374630458e-17
9.516585216511256741e-17
9.474353325591063360e-17
9.432056619577821898e-17
9.389703816435303934e-17
9.347303634127281049e-17
9.304864790617526058e-17
9.262396003869810541e-17
9.219905991847904845e-17
9.177403472515583019e-17
9.134897163836614176e-17
9.092395783774771131e-17
9.049908050293826698e-17
9.007442681357552456e-17
8.965008394929719987e-17
8.922613908974099640e-17
8.880267623142394746e-17
8.837976663838023319e-17
8.795747839152338821e-17
8.753587957176687318e-17
8.711503826002419808e-17
8.669502253720888520e-17
8.627590048423439520e-17
8.585774018201427505e-17
8.544060971146196074e-17
8.502457715349101156e-17
8.460971058901488817e-17
8.419607809894710054e-17
8.378374776420115864e-17
8.337278766569053546e-17
8.296326588432876564e-17
8.255525050102930982e-17
8.214880959670569032e-17
8.174401125227139244e-17
8.134092354863992616e-17
8.093961456672480144e-17
8.054015238743949129e-17
8.014260509169750567e-17
7.974704076041235455e-17
7.935352747449751092e-17
7.896213331486649708e-17
7.857292636243281068e-17
7.818597469810991238e-17
7.780134640281136145e-17
7.741910955745060623e-17
7.703933224294116903e-17
7.666208254019657213e-17
7.628742853013026389e-17
7.591543829365576658e-17
7.554617991168659020e-17
7.517972146513622004e-17
7.481613103491814144e-17
7.445547670194588900e-17
7.409782654713293574e-17
7.374324865139279161e-17
7.339180215761001477e-17
7.304351045655349171e-17
7.269838800096316942e-17
7.235644924357897024e-17
7.201770863714086582e-17
7.168218063438876617e-17
7.134987968806266759e-17
7.102082025090246778e-17
7.069501677564813838e-17
7.037248371503960173e-17
7.005323552181681716e-17
6.973728664871974397e-17
6.942465154848830453e-17
6.911534467386243349e-17
6.880938047758211482e-17
6.850677341238725855e-17
6.820753793101782399e-17
6.791168848621374581e-17
6.761923953071498334e-17
6.733020551726148356e-17
6.704460089859315650e-17
6.676244012745001077e-17
6.648373765657191942e-17
6.620850793869887874e-17
6.593676542657081109e-17
6.566852457292765111e-17
6.540379983050937047e-17
6.514260565205590383e-17
6.488495649030719819e-17
6.463086679800318820e-17
6.438035102788380855e-17
6.413342363268903088e-17
6.389009906515877753e-17
6.365039177803302014e-17
6.341431622405169339e-17
6.318188685595471962e-17
6.295311812648205815e-17
6.272802448837368062e-17
6.250662039436948473e-17
6.228891212467929214e-17
6.207487326939228765e-17
6.186446924606751840e-17
6.165766547226400687e-17
6.145442736554081253e-17
6.125472034345697019e-17
6.105850982357150235e-17
6.086576122344349312e-17
6.067643996063191569e-17
6.049051145269589114e-17
6.030794111719439268e-17
6.012869437168649208e-17
5.995273663373122416e-17
5.978003332088762375e-17
5.961054985071473796e-17
5.944425164077160164e-17
5.928110410861726190e-17
5.912107267181075357e-17
5.896412274791109913e-17
5.881021975447739503e-17
5.865932910906861445e-17
5.851141622924384152e-17
5.836644653256208638e-17
5.822438543658243317e-17
5.808519835886386739e-17
5.794885071696547316e-17
5.781530792844626064e-17
5.768453541086530163e-17
5.755649858178160629e-17
5.743116285875422175e-17
5.730849365934220748e-17
5.718845640110457365e-17
5.707101650160039204e-17
5.695613937838867283e-17
5.684379044902847547e-17
5.673393513107883479e-17
5.662653884209879791e-17
5.652156699964738733e-17
5.641898502128366252e-17
5.631875523564197063e-17
5.622082761565793280e-17
5.612514904534249487e-17
5.603166640870659031e-17
5.594032658976116496e-17
5.585107647251713997e-17
5.576386294098547349e-17
5.567863287917711134e-17
5.559533317110296235e-17
5.551391070077399700e-17
5.543431235220113029e-17
5.535648500939531420e-17
5.528037555636749455e-17
5.520593087712858018e-17
5.513309785568955388e-17
5.506182337606131833e-17
5.499205432225482552e-17
5.492373757828101509e-17
5.485682002815082670e-17
5.479124855587520618e-17
5.472697004546508084e-17
5.466393138093139651e-17
5.460207944628508668e-17
5.454136112553709100e-17
5.448172330269835530e-17
5.442311286177981922e-17
5.436547668679241009e-17
5.430876166174707374e-17
5.425291467065474982e-17
5.419788259752638415e-17
5.414361232637290405e-17
5.409005074120525534e-17
5.403714472603437768e-17
5.398484116487119840e-17
5.393308694172667564e-17
5.388182894061173056e-17
5.383101404553731516e-17
5.378058914051436291e-17
5.373050110955381348e-17
5.368069924175047985e-17
5.363114244653464366e-17
5.358179203842050921e-17
5.353260933192220681e-17
5.348355564155392842e-17
5.343459228182982902e-17
5.338568056726408825e-17
5.333678181237086723e-17
5.328785733166433329e-17
5.323886843965865987e-17
5.318977645086801430e-17
5.314054267980656386e-17
5.309112844098848820e-17
5.304149504892792380e-17
5.299160381813907494e-17
5.294141606313609660e-17
5.289089309843315609e-17
5.283999623854441454e-17
5.278868679798405776e-17
5.273692609126624071e-17
5.268467543290513687e-17
5.263189613741491354e-17
5.257854951930974418e-17
5.252459689310379611e-17
5.246999957331121813e-17
5.241471887444620837e-17
5.235871611102292180e-17
5.230195259755552573e-17
5.224438964855818746e-17
5.218598857854508046e-17
5.212671070203037203e-17
5.206651733352822948e-17
5.200536978755281395e-17
5.194322937861831740e-17
5.188005742123888247e-17
5.181581522992869496e-17
5.175046411920190369e-17
5.168396540357270061e-17
5.161628039755524070e-17
5.154737560394244149e-17
5.147723827864221525e-17
5.140586086584122447e-17
5.133323580972611316e-17
5.125935555448354999e-17
5.118421254430019128e-17
5.110779922336268104e-17
5.103010803585770641e-17
5.095113142597189908e-17
5.087086183789192771e-17
5.078929171580444247e-17
5.070641350389611200e-17
5.062221964635358033e-17
5.053670258736351611e-17
5.044985477111257567e-17
5.036166864178740918e-17
5.027213664357469146e-17
5.018125122066106653e-17
5.008900481723317838e-17
4.999538987747771416e-17
4.990039884558131172e-17
4.980402416573063971e-17
4.970625828211234832e-17
4.960709363891310002e-17
4.950652268031954499e-17
4.940453785051835189e-17
4.930113159369617089e-17
4.919629635403965215e-17
4.909002457573547051e-17
4.898230870297026996e-17
4.887314117993071917e-17
4.876251445080347446e-17
4.865042095977519218e-17
4.853685315103251632e-17
4.842180346876212171e-17
4.830526435715065851e-17
4.818722826038478307e-17
4.806768762265115170e-17
4.794663488813643308e-17
4.782406698186285243e-17
4.769999875219495988e-17
4.757444952833289910e-17
4.744743863947677679e-17
4.731898541482671815e-17
4.718910918358286067e-17
4.705782927494532955e-17
4.692516501811426231e-17
4.679113574228975947e-17
4.665576077667198321e-17
4.651905945046103405e-17
4.638105109285704951e-17
4.624175503306015479e-17
4.610119060027046889e-17
4.595937712368813550e-17
4.581633393251326748e-17
4.567208035594600234e-17
4.552663572318645911e-17
4.538001936343476913e-17
4.523225060589106993e-17
4.508334877975546819e-17
4.493333321422810143e-17
4.478222323850908868e-17
4.463003818179857360e-17
4.447679737329666907e-17
4.432252014220351876e-17
4.416722581771922936e-17
4.401093372904394456e-17
4.385366320537777721e-17
4.369543357592087099e-17
4.353626416987333876e-17
4.337617431643531186e-17
4.321518334480691550e-17
4.305331058418827485e-17
4.289057536377953360e-17
4.272699701278080459e-17
4.256259486039221919e-17
4.239738823581390257e-17
4.223139646824597993e-17
4.206464045189909519e-17
4.189714734102595488e-17
4.172894585488979044e-17
4.156006471275379015e-17
4.139053263388120394e-17
4.122037833753523243e-17
4.104963054297910704e-17
4.087831796947604072e-17
4.070646933628924641e-17
4.053411336268196172e-17
4.036127876791739341e-17
4.018799427125876059e-17
4.001428859196929470e-17
3.984019044931220252e-17
3.966572856255070932e-17
3.949093165094802803e-17
3.931582843376739010e-17
3.914044763027200230e-17
3.896481795972508990e-17
3.878896814138988433e-17
3.861292689452958005e-17
3.843672293840741465e-17
3.826038499228660108e-17
3.808394177543036460e-17
3.790742200710192433e-17
3.773085440656448704e-17
3.755426769308129032e-17
3.737769058591554096e-17
3.720115180433046423e-17
3.702468006758927923e-17
3.684830409495520506e-17
3.667205260569145468e-17
3.649595431906125952e-17
3.632003795432783867e-17
3.614433223075439276e-17
3.596886586760415939e-17
3.579366758414035765e-17
3.561876609962619433e-17
3.544419013332490703e-17
3.526996702898324293e-17
3.509611862828217248e-17
3.492266539738616341e-17
3.474962780245971425e-17
3.457702630966733586e-17
3.440488138517349596e-17
3.423321349514270542e-17
3.406204310573945044e-17
3.389139068312822339e-17
3.372127669347351664e-17
3.355172160293983490e-17
3.338274587769165204e-17
3.321436998389347277e-17
3.304661438770978329e-17
3.287949955530508830e-17
3.271304595284386169e-17
3.254727404649061431e-17
3.238220430240982621e-17
3.221785718676600209e-17
3.205425316572362816e-17
3.189141270544720295e-17
3.172935627210120651e-17
3.156810433185013738e-17
3.140767735085850024e-17
3.124809579529076899e-17
3.108938013131144832e-17
3.093155082508503061e-17
3.077462834277600206e-17
3.061863315054886737e-17
3.046358571456811276e-17
3.030950650099823058e-17
3.015641597600370706e-17
3.000433460574904072e-17
2.985328285639873011e-17
2.970328119411725526e-17
2.955435008506913320e-17
2.940650999541883165e-17
2.925978139133085532e-17
2.911418473896969040e-17
2.896973769724288901e-17
2.882644669603024841e-17
2.868431535795459475e-17
2.854334730563877271e-17
2.840354616170562079e-17
2.826491554877799598e-17
2.812745908947871828e-17
2.799118040643064468e-17
2.785608312225660753e-17
2.772217085957945764e-17
2.758944724102202736e-17
2.745791588920716751e-17
2.732758042675771042e-17
2.719844447629649461e-17
2.707051166044637705e-17
2.694378560183018701e-17
2.681826992307077222e-17
2.669396824679096810e-17
2.657088419561361933e-17
2.644902139216157672e-17
2.632838345905766336e-17
2.620897401892473009e-17
2.609079669438562464e-17
2.597385510806317628e-17
2.585815288258023583e-17
2.574369364055964178e-17
2.563048100462423264e-17
2.551851859739685308e-17
2.540781004150034466e-17
2.529835895955754899e-17
2.519016897419131071e-17
2.508324370802445908e-17
2.497758678367985417e-17
2.487320182378031908e-17
2.477009245094870772e-17
2.466826228780785549e-17
2.456771495698061015e-17
2.446845408108980712e-17
2.437048328275828797e-17
2.427380378251433233e-17
2.417840719250795345e-17
2.408428272279461495e-17
2.399141958342975889e-17
2.389980698446884273e-17
2.380943413596731776e-17
2.372029024798063528e-17
2.363236453056425275e-17
2.354564619377361530e-17
2.346012444766418655e-17
2.337578850229141164e-17
2.329262756771075111e-17
2.321063085397764700e-17
2.312978757114755679e-17
2.305008692927593792e-17
2.297151813841823553e-17
2.289407040862991016e-17
2.281773294996640695e-17
2.274249497248318335e-17
2.266834568623569374e-17
2.259527430127939249e-17
2.252327002766972167e-17
2.245232207546214798e-17
2.238241965471211037e-17
2.231355197547507865e-17
2.224570824780648561e-17
2.217887768176180412e-17
2.211304948739647008e-17
2.204821287476594710e-17
2.198435705392568339e-17
2.192147123493113643e-17
2.185954462783775133e-17
2.179856644270098865e-17
2.173852588957629967e-17
2.167941217851913570e-17
2.162121451958494495e-17
2.156392212282918795e-17
2.150752419830731293e-17
2.145200995607477734e-17
2.139736773977478939e-17
2.134358242740162189e-17
2.129063803053730765e-17
2.123851856076386407e-17
2.118720802966332087e-17
2.113669044881771395e-17
2.108694982980906687e-17
2.103797018421941550e-17
2.098973552363077726e-17
2.094222985962518495e-17
2.089543720378467445e-17
2.084934156769126934e-17
2.080392696292699316e-17
2.075917740107388182e-17
2.071507689371396194e-17
2.067160945242926327e-17
2.062875908880180935e-17
2.058650981441363609e-17
2.054484564084676395e-17
2.050375057968323191e-17
2.046320864250505737e-17
2.042320384089427930e-17
2.038372018643292434e-17
2.034474169070301297e-17
2.030625236528657800e-17
2.026823622176565531e-17
2.023067727172226539e-17
2.019355952673843797e-17
2.015686699839620584e-17
2.012058369827759566e-17
2.008469363796463406e-17
2.004918082903935077e-17
2.001402928308377860e-17
1.997922301167993803e-17
1.994474602640986495e-17
1.991058233885558599e-17
1.987671596059912473e-17
1.984313090322252013e-17
1.980981117830778959e-17
1.977674150940166685e-17
1.974390946790963386e-17
1.971130333720189817e-17
1.967891140064863342e-17
1.964672194162004100e-17
1.961472324348630686e-17
1.958290358961761699e-17
1.955125126338417276e-17
1.951975454815614781e-17
1.948840172730374661e-17
1.945718108419714896e-17
1.942608090220654699e-17
1.939508946470213901e-17
1.936419505505410482e-17
1.933338595663263655e-17
1.930265045280792943e-17
1.927197682695016633e-17
1.924135336242954247e-17
1.921076834261624691e-17
1.918021005088046561e-17
1.914966677059239380e-17
1.911912678512221744e-17
1.908857837784012867e-17
1.905800983211631653e-17
1.902740943132097316e-17
1.899676545882428762e-17
1.896606619799643971e-17
1.893529993220763697e-17
1.890445494482806229e-17
1.887351951922789549e-17
1.884248193877734101e-17
1.881133048684658483e-17
1.878005344680580984e-17
1.874863910202521433e-17
1.871707573587498428e-17
1.868535163172530874e-17
1.865345507294638292e-17
1.862137434290838972e-17
1.858909772498152434e-17
1.855661499339959380e-17
1.852392188585090155e-17
1.849101563088735978e-17
1.845789345706088375e-17
1.842455259292339179e-17
1.839099026702680841e-17
1.835720370792304269e-17
1.832319014416401915e-17
1.828894680430165304e-17
1.825447091688785653e-17
1.821975971047455722e-17
1.818481041361366727e-17
1.814962025485710194e-17
1.811418646275678266e-17
1.807850626586462468e-17
1.804257689273254634e-17
1.800639557191246906e-17
1.796995953195630194e-17
1.793326600141596948e-17
1.789631220884339001e-17
1.785909538279047572e-17
1.782161275180914803e-17
1.778386154445132526e-17
1.774583898926892269e-17
1.770754231481385557e-17
1.766896874963804840e-17
1.763011552229341336e-17
1.759097986133186570e-17
1.755155899530533301e-17
1.751185015276572438e-17
1.747185056226495816e-17
1.743155745235495575e-17
1.739096805158763243e-17
1.735007958851490653e-17
1.730888929168869331e-17
1.726739438966091110e-17
1.722559211098348133e-17
1.718347968420831926e-17
1.714105433788734014e-17
1.709831454173976217e-17
1.705526373015399070e-17
1.701190657868573091e-17
1.696824776289068183e-17
1.692429195832455176e-17
1.688004384054303973e-17
1.683550808510185708e-17
1.679068936755669978e-17
1.674559236346327303e-17
1.670022174837728510e-17
1.665458219785443810e-17
1.660867838745043416e-17
1.656251499272098155e-17
1.651609668922177315e-17
1.646942815250852339e-17
1.642251405813692822e-17
1.637535908166269902e-17
1.632796789864153173e-17
1.628034518462913462e-17
1.623249561518121907e-17
1.618442386585347177e-17
1.613613461220161334e-17
1.608763252978133356e-17
1.603892229414834070e-17
1.599000858085834306e-17
1.594089606546703967e-17
1.589158942353013571e-17
1.584209333060333639e-17
1.579241246224234383e-17
1.574255149400286322e-17
1.569251510144059667e-17
1.564230796011124631e-17
1.559193474557051732e-17
1.554140013337411800e-17
1.549070879907774120e-17
1.543986541823710446e-17
1.538887466640790372e-17
1.533774121914583803e-17
1.528646975200662181e-17
1.523506533096459296e-17
1.518353458366865707e-17
1.513188452818636166e-17
1.508012218258524502e-17
1.502825456493285774e-17
1.497628869329674737e-17
1.492423158574445834e-17
1.487209026034353201e-17
1.481987173516151282e-17
1.476758302826595139e-17
1.471523115772438907e-17
1.466282314160437340e-17
1.461036599797345189e-17
1.455786674489915974e-17
1.450533240044905681e-17
1.445276998269067521e-17
1.440018650969156556e-17
1.434758899951926920e-17
1.429498447024134292e-17
1.424237993992531883e-17
1.418978242663875061e-17
1.413719894844917656e-17
1.408463652342415035e-17
1.403210216963120718e-17
1.397960290513790075e-17
1.392714574801177242e-17
1.387473771632036970e-17
1.382238582813123397e-17
1.377009710151191429e-17
1.371787855452995356e-17
1.366573720525289931e-17
1.361368007174829444e-17
1.356171417208368339e-17
1.350984652432661523e-17
1.345808414654463286e-17
1.340643405680528227e-17
1.335490327317610636e-17
1.330349881372465266e-17
1.325222769651846560e-17
1.320109649723459954e-17
1.315011002198814532e-17
1.309927263450370369e-17
1.304858869850587388e-17
1.299806257771925201e-17
1.294769863586844191e-17
1.289750123667804434e-17
1.284747474387265389e-17
1.279762352117687285e-17
1.274795193231530351e-17
1.269846434101254047e-17
1.264916511099318756e-17
1.260005860598184399e-17
1.255114918970310435e-17
1.250244122588157709e-17
1.245393907824185527e-17
1.240564711050853964e-17
1.235756968640623250e-17
1.230971116965952842e-17
1.226207592399303588e-17
1.221466831313134637e-17
1.216749270079906220e-17
1.212055345072078410e-17
1.207385492662110977e-17
1.202740149222464148e-17
1.198119751125597537e-17
1.193524734743971373e-17
1.188955536450045578e-17
1.184412592616280073e-17
1.179896339615135086e-17
1.175407213819070386e-17
1.170945651600545431e-17
1.166512089332021221e-17
1.162106963385957061e-17
1.157730710134812718e-17
1.153383765951048883e-17
1.149066567207125015e-17
1.144779550275500883e-17
1.140523151528637176e-17
1.136297743614716524e-17
1.132103444284815928e-17
1.127940307565735557e-17
1.123808387484274811e-17
1.119707738067234323e-17
1.115638413341413491e-17
1.111600467333612642e-17
1.107593954070631944e-17
1.103618927579270951e-17
1.099675441886329834e-17
1.095763551018608917e-17
1.091883309002907753e-17
1.088034769866026513e-17
1.084217987634765213e-17
1.080433016335923868e-17
1.076679909996302033e-17
1.072958722642700340e-17
1.069269508301918496e-17
1.065612321000756519e-17
1.061987214766014424e-17
1.058394243624492072e-17
1.054833461602989634e-17
1.051304922728307127e-17
1.047808681027244103e-17
1.044344790526601195e-17
1.040913305253178112e-17
1.037514279233774561e-17
1.034147766495191174e-17
1.030813821064227351e-17
1.027512496967683262e-17
1.024243848232359231e-17
1.021007928885054659e-17
1.017804792952570024e-17
1.014634494461705032e-17
1.011497087439260009e-17
1.008392625912034509e-17
1.005321163906828855e-17
1.002282755450442909e-17
9.992774545696766879e-18
9.963052280010077262e-18
9.933656933196247120e-18
9.904583808103938523e-18
9.875828207581808917e-18
9.847385434478518832e-18
9.819250791642733418e-18
9.791419581923111663e-18
