1.422681685406681437e-10
6.699763462867276774e-11
3.793470271862383159e-11
2.417911447974644405e-11
1.673694332995409846e-11
1.229762001856533200e-11
9.446932097282769865e-12
7.516104500906031388e-12
6.144386986152805219e-12
5.135393575029581033e-12
4.371244712654771789e-12
3.776225454199581586e-12
3.303972978068491719e-12
2.923526577310676742e-12
2.610654587831526771e-12
2.350799333139812711e-12
2.131980190386059084e-12
1.946098153494586561e-12
1.786533991741461226e-12
1.648509228026070399e-12
1.528019497551634345e-12
1.422316131113382246e-12
1.329049858118704800e-12
1.246213306831626200e-12
1.172045176829987139e-12
1.105426554090259186e-12
1.045425814633294484e-12
9.912181082588333697e-13
9.420052782113387357e-13
8.970551550347633826e-13
8.558995184710218708e-13
8.181361355615186704e-13
7.833817357480441182e-13
7.513288980739313114e-13
7.216891639828991128e-13
6.941932630349979017e-13
6.686486772556045274e-13
6.448820767864272549e-13
6.227201317691747529e-13
6.019998548248264478e-13
5.825996284914468162e-13
5.644081777863714965e-13
5.473142277269360259e-13
5.312146824223864391e-13
5.160391623496097512e-13
5.017254670774037775e-13
4.882113961745657275e-13
4.754347492098933158e-13
4.633366716220725843e-13
4.518716923293437435e-13
4.409976861198357860e-13
4.306725277816775527e-13
4.208540921029979353e-13
4.115032222098528553e-13
4.025926345800063550e-13
3.940980140291493556e-13
3.859950453729729295e-13
3.782594134271680481e-13
3.708668030074258850e-13
3.637944268627908350e-13
3.570256094757216435e-13
3.505452032620305296e-13
3.443380606375297125e-13
3.383890340180314113e-13
3.326829758193477442e-13
3.272047384572911324e-13
3.219402307111377960e-13
3.168795868140206659e-13
3.120139973625368253e-13
3.073346529532833575e-13
3.028327441828571943e-13
2.984994616478555199e-13
2.943259959448753167e-13
2.903035376705136678e-13
2.864237750105147596e-13
2.826803865072113914e-13
2.790675482920833647e-13
2.755794364966107839e-13
2.722102272522735009e-13
2.689540966905513676e-13
2.658052209429244379e-13
2.627577761408725638e-13
2.598063372739944928e-13
2.569470747643643532e-13
2.541765578921752700e-13
2.514913559376200653e-13
2.488880381808918136e-13
2.463631739021834883e-13
2.439133323816881135e-13
2.415350828995986627e-13
2.392249947361080590e-13
2.369798220604402357e-13
2.347970585979427137e-13
2.326743829629937720e-13
2.306094737699718912e-13
2.286000096332553502e-13
2.266436691672226046e-13
2.247381309862519332e-13
2.228810737047217663e-13
2.210701759370105091e-13
2.193031162974964150e-13
2.175775734005579902e-13
2.158913886147677393e-13
2.142430543254752973e-13
2.126312256722243484e-13
2.110545577945587282e-13
2.095117058320221209e-13
2.080013249241583873e-13
2.065220702105112620e-13
2.050725968306245049e-13
2.036515599240419011e-13
2.022576146303072106e-13
2.008894160889642184e-13
1.995456194395566844e-13
1.982249629377202356e-13
1.969265173034579424e-13
1.956494363728646665e-13
1.943928739820353706e-13
1.931559839670649415e-13
1.919379201640482664e-13
1.907378364090802827e-13
1.895548865382558772e-13
1.883882243876700128e-13
1.872370037934174754e-13
1.861003785915932781e-13
1.849775026182923333e-13
1.838675297096095026e-13
1.827696738114107300e-13
1.816833893086461370e-13
1.806081906960367760e-13
1.795435924683038002e-13
1.784891091201682873e-13
1.774442551463513652e-13
1.764085450415741620e-13
1.753814933005577552e-13
1.743626144180232983e-13
1.733514228886918939e-13
1.723474332072845944e-13
1.713501598685225531e-13
1.703591173671268981e-13
1.693738201978187321e-13
1.683937828553191327e-13
1.674185612595320650e-13
1.664478770310927669e-13
1.654814932158192374e-13
1.645191728595295767e-13
1.635606790080418343e-13
1.626057747071740347e-13
1.616542230027442778e-13
1.607057869405705377e-13
1.597602295664708891e-13
1.588173139262634321e-13
1.578768030657661659e-13
1.569384600307971654e-13
1.560020478671744548e-13
1.550673296207161344e-13
1.541340683372402031e-13
1.532020270625647612e-13
1.522709688425078077e-13
1.513406842576561508e-13
1.504110740276715576e-13
1.494820664069844273e-13
1.485535896500253360e-13
1.476255720112247082e-13
1.466979417450130190e-13
1.457706271058207183e-13
1.448435563480783568e-13
1.439166577262163591e-13
1.429898594946651750e-13
1.420630899078553302e-13
1.411362772202172743e-13
1.402093496861815330e-13
1.392822355601785056e-13
1.383548630966387429e-13
1.374271605499926442e-13
1.364990561746707351e-13
1.355704782251034906e-13
1.346413549557213606e-13
1.337116315164287465e-13
1.327813206390256295e-13
1.318504519507858666e-13
1.309190550789833401e-13
1.299871596508919574e-13
1.290547952937855505e-13
1.281219916349380520e-13
1.271887783016232937e-13
1.262551849211151832e-13
1.253212411206876028e-13
1.243869765276144095e-13
1.234524207691694856e-13
1.225176034726267385e-13
1.215825542652600002e-13
1.206473027743432033e-13
1.197118786271501797e-13
1.187763114509548369e-13
1.178406308730310319e-13
1.169048665206526722e-13
1.159690480210936149e-13
1.150332050016277423e-13
1.140973756027253884e-13
1.131616320176427325e-13
1.122260549528323425e-13
1.112907251147468367e-13
1.103557232098388589e-13
1.094211299445609390e-13
1.084870260253657964e-13
1.075534921587059359e-13
1.066206090510340517e-13
1.056884574088026737e-13
1.047571179384644457e-13
1.038266713464719986e-13
1.028971983392779130e-13
1.019687796233347820e-13
1.010414959050952493e-13
1.001154278910118954e-13
9.919065628753737653e-14
9.826726180112423538e-14
9.734532513822511558e-14
9.642492700529263554e-14
9.550614810877938840e-14
9.458906915513796732e-14
9.367377085082101594e-14
9.276033538303860399e-14
9.184885086203075811e-14
9.093940687879500676e-14
9.003209302432884053e-14
8.912699888962980050e-14
8.822421406569536466e-14
8.732382814352309932e-14
8.642593071411049508e-14
8.553061136845504255e-14
8.463795969755428279e-14
8.374806529240570642e-14
8.286101774400685450e-14
8.197690664335523027e-14
8.109582158144834955e-14
8.021785214928371557e-14
7.934308793785884417e-14
7.847161853817125118e-14
7.760353354121846508e-14
7.673892253799798907e-14
7.587787511950731375e-14
7.502048087674400545e-14
7.416682940070552952e-14
7.331701028238941442e-14
7.247111311279320124e-14
7.162922748291435533e-14
7.079144298375043039e-14
6.995784505953727856e-14
6.912850256746417288e-14
6.830348021795879842e-14
6.748284272144873926e-14
6.666665478836166786e-14
6.585498112912524403e-14
6.504788645416706449e-14
6.424543547391478907e-14
6.344769289879606496e-14
6.265472343923853936e-14
6.186659180566982162e-14
6.108336270851759679e-14
6.030510085820946160e-14
5.953187096517308848e-14
5.876373773983611202e-14
5.800076589262616680e-14
5.724302013397090001e-14
5.649056517429793992e-14
5.574346572403493374e-14
5.500178649360952867e-14
5.426559219344935929e-14
5.353494753398207279e-14
5.280991722563530376e-14
5.209056597883668678e-14
5.137695850401388798e-14
5.066915951159451670e-14
4.996723371200622644e-14
4.927124581567667073e-14
4.858126053303347151e-14
4.789733478906262337e-14
4.721949436698352926e-14
4.654775726457387013e-14
4.588214147961142156e-14
4.522266500987388972e-14
4.456934585313899340e-14
4.392220200718448926e-14
4.328125146978808978e-14
4.264651223872752006e-14
4.201800231178051782e-14
4.139573968672480186e-14
4.077974236133810989e-14
4.017002833339816072e-14
3.956661560068269206e-14
3.896952216096944164e-14
3.837876601203612194e-14
3.779436515166045806e-14
3.721633757762019404e-14
3.664470128769304235e-14
3.607947427965675335e-14
3.552067455128903320e-14
3.496832010036761331e-14
3.442242892467024403e-14
3.388301902197463784e-14
3.335010839005851354e-14
3.282371502669962146e-14
3.230385692967567409e-14
3.179055209676440915e-14
3.128381852574355175e-14
3.078367421439082698e-14
3.029013716048396626e-14
2.980322536180070732e-14
2.932295681611876263e-14
2.884934129427044022e-14
2.838235565930631039e-14
2.792196854733150430e-14
2.746814859445117518e-14
2.702086443677045732e-14
2.658008471039448818e-14
2.614577805142840837e-14
2.571791309597735534e-14
2.529645848014647918e-14
2.488138284004091103e-14
2.447265481176578833e-14
2.407024303142626118e-14
2.367411613512746386e-14
2.328424275897452753e-14
2.290059153907260542e-14
2.252313111152683813e-14
2.215183011244235365e-14
2.178665717792429891e-14
2.142758094407781137e-14
2.107457004700803478e-14
2.072759312282010976e-14
2.038661880761916745e-14
2.005161573751035478e-14
1.972255254859881235e-14
1.939939787698968078e-14
1.908212035878809121e-14
1.877068863009919371e-14
1.846507132702812259e-14
1.816523708568001846e-14
1.787115454216002508e-14
1.758279233257327992e-14
1.730011909302491726e-14
1.702310345962008402e-14
1.675171406846391768e-14
1.648591955566155567e-14
1.622568855731814809e-14
1.597098970953882290e-14
1.572178684273477408e-14
1.547802456454138366e-14
1.523964267690009019e-14
1.500658098175231961e-14
1.477877928103951361e-14
1.455617737670310127e-14
1.433871507068451483e-14
1.412633216492519284e-14
1.391896846136655807e-14
1.371656376195005695e-14
1.351905786861711856e-14
1.332639058330917199e-14
1.313850170796765735e-14
1.295533104453400058e-14
1.277681839494964337e-14
1.260290356115601007e-14
1.243352634509454240e-14
1.226862654870667099e-14
1.210814397393382652e-14
1.195201842271744753e-14
1.180018969699896310e-14
1.165259759871980862e-14
1.150918192982141948e-14
1.136988249224522635e-14
1.123463908793266303e-14
1.110339151882516176e-14
1.097607958686415951e-14
1.085264309399108695e-14
1.073302184214737945e-14
1.061715563327447084e-14
1.050498426931379177e-14
1.039644755220677764e-14
1.029148528389486068e-14
1.019003726631947785e-14
1.009204330142205668e-14
9.997443191144035686e-15
9.906176737426847123e-15
9.818183742211924801e-15
9.733404007440699376e-15
9.651777772085510420e-15
9.573247023242306328e-15
9.497754185037945982e-15
9.425241681599275646e-15
9.355651937053157359e-15
9.288927375526437383e-15
9.225010421145971447e-15
9.163843498038618436e-15
9.105369030331223032e-15
9.049529442150647277e-15
8.996267157623740588e-15
8.945524600877358694e-15
8.897244196038354166e-15
8.851368367233581158e-15
8.807839538589895397e-15
8.766600134234146300e-15
8.727592578293191175e-15
8.690759294893881017e-15
8.656042708163073132e-15
8.623385242227620093e-15
8.592729321214376051e-15
8.564017369250190424e-15
8.537191810461922096e-15
8.512195068976423641e-15
8.488969568920547630e-15
8.467457734421148216e-15
8.447601989605081127e-15
8.429344758599197358e-15
8.412628465530352638e-15
8.397395534525399541e-15
8.383588389711192216e-15
8.371149455214583238e-15
8.360021155162429912e-15
8.350145913681580079e-15
8.341466154898895778e-15
8.333924302941223271e-15
8.327462781935421443e-15
8.322024016008339711e-15
8.317550429286835382e-15
8.313988305054674707e-15
8.311299363223286543e-15
8.309449182861007115e-15
8.308403343036182113e-15
8.308127422817149340e-15
8.308587001272249752e-15
8.309747657469827463e-15
8.311574970478220275e-15
8.314034519365767568e-15
8.317091883200813455e-15
8.320712641051697316e-15
8.324862371986760108e-15
8.329506655074344367e-15
8.334611069382786317e-15
8.340141193980431648e-15
8.346062607935618163e-15
8.352340890316689976e-15
8.358941620191983309e-15
8.365830376629843855e-15
8.372972738698607836e-15
8.380334285466619368e-15
8.387880596002217829e-15
8.395577249373744176e-15
8.403389824649539368e-15
8.411283900897945940e-15
8.419225057187301693e-15
8.427178872585949164e-15
8.435110926162227732e-15
8.442986796984481510e-15
8.450772064121046722e-15
8.458432306640269059e-15
8.465933103610486324e-15
8.473240034100041051e-15
8.480318677177269465e-15
8.487134611910518835e-15
8.493653417368126962e-15
8.499840672618433226e-15
8.505661956729783319e-15
8.511082848770511887e-15
8.516073420893646609e-15
8.520621717590941546e-15
8.524720276438839057e-15
8.528361635013773613e-15
8.531538330892184418e-15
8.534242901650513833e-15
8.536467884865199483e-15
8.538205818112678996e-15
8.539449238969389997e-15
8.540190685011776424e-15
8.540422693816272749e-15
8.540137802959316598e-15
8.539328550017351907e-15
8.537987472566814727e-15
8.536107108184144262e-15
8.533679994445778137e-15
8.530698668928157134e-15
8.527155669207722037e-15
8.523043532860905738e-15
8.518354797464150597e-15
8.513082000593897396e-15
8.507217679826582183e-15
8.500754372738644164e-15
8.493684616906524119e-15
8.486000949906659676e-15
8.477695909315490038e-15
8.468762032709452833e-15
8.459191857664988842e-15
8.448977921758535692e-15
8.438112762566531010e-15
8.426588917665415576e-15
8.414398924631630174e-15
8.401535321041609275e-15
8.387990644471795237e-15
8.373757432498624111e-15
8.358828222698539832e-15
8.343195552647973718e-15
8.326851959923371283e-15
8.309789982101168576e-15
8.292005079996733046e-15
8.273504407381143543e-15
8.254298041264411896e-15
8.234396058656543622e-15
8.213808536567550549e-15
8.192545552007438195e-15
8.170617181986213654e-15
8.148033503513890334e-15
8.124804593600472173e-15
8.100940529255972577e-15
8.076451387490393910e-15
8.051347245313751153e-15
8.025638179736049824e-15
7.999334267767295442e-15
7.972445586417501412e-15
7.944982212696673251e-15
7.916954223614822788e-15
7.888371696181955540e-15
7.859244707408080179e-15
7.829583334303203802e-15
7.799397653877341392e-15
7.768697743140495310e-15
7.737493679102675807e-15
7.705795538773891557e-15
7.673613399164151231e-15
7.640957337283461926e-15
7.607837430141835468e-15
7.574263754749278955e-15
7.540246388115797902e-15
7.505795407251404138e-15
7.470920889166104759e-15
7.435632910869910014e-15
7.399941549372828577e-15
7.363856881684864387e-15
7.327388984816032428e-15
7.290547935776336640e-15
7.253343811575787274e-15
7.215786689224391423e-15
7.177886645732160918e-15
7.139654382880952333e-15
7.101103101540032789e-15
7.062246627350518099e-15
7.023098785953525654e-15
6.983673402990170477e-15
6.943984304101572325e-15
6.904045314928844644e-15
6.863870261113105613e-15
6.823472968295471046e-15
6.782867262117059120e-15
6.742066968218984861e-15
6.701085912242365659e-15
6.659937919828319692e-15
6.618636816617959618e-15
6.577196428252406772e-15
6.535630580372775388e-15
6.493953098620181279e-15
6.452177808635742625e-15
6.410318536060574449e-15
6.368389106535797298e-15
6.326403345702523827e-15
6.284375079201870639e-15
6.242318132674958280e-15
6.200246331762899407e-15
6.158173502106812987e-15
6.116113469347813257e-15
6.074080059127019972e-15
6.032087097085548945e-15
5.990148408864514413e-15
5.948277820105035341e-15
5.906489156448229122e-15
5.864796243535209200e-15
5.823212907007095333e-15
5.781752972505003334e-15
5.740430265670049015e-15
5.699258612143349767e-15
5.658251837566022191e-15
5.617423767579182888e-15
5.576788227823948461e-15
5.536357985598361513e-15
5.496141574828175759e-15
5.456146471096069340e-15
5.416380149984718029e-15
5.376850087076802332e-15
5.337563757954999602e-15
5.298528638201990343e-15
5.259752203400451909e-15
5.221241929133060071e-15
5.183005290982496916e-15
5.145049764531440581e-15
5.107382825362566053e-15
5.070011949058555415e-15
5.032944611202085230e-15
4.996188287375835216e-15
4.959750453162482724e-15
4.923638584144706682e-15
4.887860155905185232e-15
4.852422644026596512e-15
4.817333524091619452e-15
4.782600271682932192e-15
4.748230362383212871e-15
4.714231271775141209e-15
4.680610475441394555e-15
4.647375448964651839e-15
4.614533667927590412e-15
4.582092607912889203e-15
4.550059744503227930e-15
4.518442553281283155e-15
4.487248509829733807e-15
4.456485089731258815e-15
4.426159768568537107e-15
4.396280021924246036e-15
4.366853325381062952e-15
4.337887154521669150e-15
4.309388984928741193e-15
4.281366292184957222e-15
4.253826551872997742e-15
4.226777239575538528e-15
4.200224309730292653e-15
4.174167632195103461e-15
4.148605555682848442e-15
4.123536428906403506e-15
4.098958600578646144e-15
4.074870419412454633e-15
4.051270234120703307e-15
4.028156393416272021e-15
4.005527246012035110e-15
3.983381140620871640e-15
3.961716425955656733e-15
3.940531450729267880e-15
3.919824563654583357e-15
3.899594113444477500e-15
3.879838448811830952e-15
3.860555918469517258e-15
3.841744871130414696e-15
3.823403655507399967e-15
3.805530620313350559e-15
3.788124114261143962e-15
3.771182486063656877e-15
3.754704084433764425e-15
3.738687258084344097e-15
3.723130355728274169e-15
3.708031726078431343e-15
3.693389717847692318e-15
3.679202679748933006e-15
3.665468960495033263e-15
3.652186908798866634e-15
3.639354873373311396e-15
3.626971202931245828e-15
3.615034246185544264e-15
3.603542351849085770e-15
3.592493868634746258e-15
3.581887145255403216e-15
3.571720530423934135e-15
3.561992372853214137e-15
3.552701021256121499e-15
3.543844824345533317e-15
3.535421183817514415e-15
3.527423713300883695e-15
3.519845079407648972e-15
3.512677948749815694e-15
3.505914987939393253e-15
3.499548863588387098e-15
3.493572242308805437e-15
3.487977790712655693e-15
3.482758175411943312e-15
3.477906063018677687e-15
3.473414120144864661e-15
3.469275013402511260e-15
3.465481409403625693e-15
3.462025974760213803e-15
3.458901376084284588e-15
3.456100279987843891e-15
3.453615353082899132e-15
3.451439261981457338e-15
3.449564673295526322e-15
3.447984253637113111e-15
3.446690669618223548e-15
3.445676587850867025e-15
3.444934674947048990e-15
3.444457597518778048e-15
3.444238022178060041e-15
3.444268615536902783e-15
3.444542044207314090e-15
3.445050974801299016e-15
3.445788073930867346e-15
3.446746008208024531e-15
3.447917444244779173e-15
3.449295048653136720e-15
3.450871488045106172e-15
3.452639429032692975e-15
3.454591538227905340e-15
3.456720482242750292e-15
3.459018927689235252e-15
3.461479541179366851e-15
3.464094989325152904e-15
3.466857937267118469e-15
3.469761044259865071e-15
3.472796968086511478e-15
3.475958366530176456e-15
3.479237897373979563e-15
3.482628218401040355e-15
3.486121987394477205e-15
3.489711862137410853e-15
3.493390500412958489e-15
3.497150560004241643e-15
3.500984698694377502e-15
3.504885574266486020e-15
3.508845844503687146e-15
3.512858167189098465e-15
3.516915200105841112e-15
3.521009601037032670e-15
3.525134027765793879e-15
3.529281138075242719e-15
3.533443589748498746e-15
3.537614040568681121e-15
3.541785148318909797e-15
3.545949570782303145e-15
3.550099965741981118e-15
3.554228990981061694e-15
3.558329304282665612e-15
3.562393563429911246e-15
3.566414426205916970e-15
3.570384550393802733e-15
3.574296593776689277e-15
3.578143214137694973e-15
3.581917069259937408e-15
3.585610816926537320e-15
3.589217114920613871e-15
3.592728621025285435e-15
3.596137993023672752e-15
3.599437888698893406e-15
3.602620965834067347e-15
3.605679882212313739e-15
3.608607295616752532e-15
3.611396549088876799e-15
3.614043726703682358e-15
3.616545597794538939e-15
3.618898931694815482e-15
3.621100497737884083e-15
3.623147065257112894e-15
3.625035403585873220e-15
3.626762282057534793e-15
3.628324470005466552e-15
3.629718736763039804e-15
3.630941851663624278e-15
3.631990584040589704e-15
3.632861703227306600e-15
3.633551978557143117e-15
3.634058179363472140e-15
3.634377074979661032e-15
3.634505434739081889e-15
3.634440027975103651e-15
3.634177624021096046e-15
3.633714992210430384e-15
3.633048901876475603e-15
3.632176122352601432e-15
3.631093422972179180e-15
3.629797573068577787e-15
3.628285341975166981e-15
3.626553499025318069e-15
3.624598813552399993e-15
3.622418054889783269e-15
3.620007992370837629e-15
3.617365395328933589e-15
3.614487033097440089e-15
3.611369675009728438e-15
3.608010090399167575e-15
3.604405048599128019e-15
3.600551318942979499e-15
3.596445670764092532e-15
3.592084873395837638e-15
3.587465696171582967e-15
3.582584908424699827e-15
3.577440084461349989e-15
3.572032018478864184e-15
3.566362309647364396e-15
3.560432557136971819e-15
3.554244360117810804e-15
3.547799317760002547e-15
3.541099029233669426e-15
3.534145093708934213e-15
3.526939110355918498e-15
3.519482678344745449e-15
3.511777396845536654e-15
3.503824865028414887e-15
3.495626682063502525e-15
3.487184447120921160e-15
3.478499759370794351e-15
3.469574217983243295e-15
3.460409422128390764e-15
3.451006970976359136e-15
3.441368463697270395e-15
3.431495499461247710e-15
3.421389677438413062e-15
3.411052596798888043e-15
3.400485856712795425e-15
3.389691056350257980e-15
3.378669794881397299e-15
3.367423671476336548e-15
3.355954285305196923e-15
3.344263235538102379e-15
3.332352121345173323e-15
3.320222541896533711e-15
3.307876096362305132e-15
3.295314383912609571e-15
3.282539003717569800e-15
3.269551554947308592e-15
3.256353636771947143e-15
3.242946848361608618e-15
3.229332788886415397e-15
3.215513057516489464e-15
3.201489253421953197e-15
3.187263427667781071e-15
3.172839438898353185e-15
3.158221597652904101e-15
3.143414214470665620e-15
3.128421599890871910e-15
3.113248064452755166e-15
3.097897918695548767e-15
3.082375473158485698e-15
3.066685038380797760e-15
3.050830924901720698e-15
3.034817443260485524e-15
3.018648903996325618e-15
3.002329617648474752e-15
2.985863894756164333e-15
2.969256045858629318e-15
2.952510381495101507e-15
2.935631212204814280e-15
2.918622848527000622e-15
2.901489601000893121e-15
2.884235780165726734e-15
2.866865696560731686e-15
2.849383660725143326e-15
2.831793983198193457e-15
2.814100974519115061e-15
2.796308945227141519e-15
2.778422205861506604e-15
2.760445066961442115e-15
2.742381839066181828e-15
2.724236832714958332e-15
2.706014358447005005e-15
2.687718726801554437e-15
2.669354248317840403e-15
2.650925233535095097e-15
2.632435992992552292e-15
2.613890837229444579e-15
2.595294076785005337e-15
2.576650022198467155e-15
2.557962984009063017e-15
2.539237272756026698e-15
2.520477148773900323e-15
2.501686671578465350e-15
2.482869850480813956e-15
2.464030694792036346e-15
2.445173213823223514e-15
2.426301416885468030e-15
2.407419313289860101e-15
2.388530912347491903e-15
2.369640223369453247e-15
2.350751255666836704e-15
2.331868018550733663e-15
2.312994521332234328e-15
2.294134773322430087e-15
2.275292783832412725e-15
2.256472562173273627e-15
2.237678117656103395e-15
2.218913459591993416e-15
2.200182597292035473e-15
2.181489540067320560e-15
2.162838297228939670e-15
2.144232878087984586e-15
2.125677291955545514e-15
2.107175548142715024e-15
2.088731655960582927e-15
2.070349624720242190e-15
2.052033463732782622e-15
2.033787182309296007e-15
2.015614789760874126e-15
1.997520295398607186e-15
1.979507708533587363e-15
1.961581038476906045e-15
1.943744294539653042e-15
1.926001486032920928e-15
1.908356622267800694e-15
1.890813712555382941e-15
1.873376766206759845e-15
1.856049792533022401e-15
1.838836800845261208e-15
1.821741800454568443e-15
1.804768409643395653e-15
1.787918682579637393e-15
1.771194282402549755e-15
1.754596872251387453e-15
1.738128115265406777e-15
1.721789674583862441e-15
1.705583213346010536e-15
1.689510394691106567e-15
1.673572881758405639e-15
1.657772337687163254e-15
1.642110425616635507e-15
1.626588808686077110e-15
1.611209150034744156e-15
1.595973112801891753e-15
1.580882360126775797e-15
1.565938555148651396e-15
1.551143361006773853e-15
1.536498440840399263e-15
1.522005457788782733e-15
1.507666074991180357e-15
1.493481955586846649e-15
1.479454762715037704e-15
1.465586159515008827e-15
1.451877809126015715e-15
1.438331374687313871e-15
1.424948519338158403e-15
1.411730906217805206e-15
1.398680198465509586e-15
1.385798059220527240e-15
1.373086151622113277e-15
1.360546138809523594e-15
1.348179683922013493e-15
1.335988450098838281e-15
1.323974100479253852e-15
1.312138298202515513e-15
1.300482706407878567e-15
1.289008988234599108e-15
1.277718806821931849e-15
1.266613825309132883e-15
1.255695276330511080e-15
1.244962670500590356e-15
1.234415087928948981e-15
1.224051608725163846e-15
1.213871312998812825e-15
1.203873280859473992e-15
1.194056592416725025e-15
1.184420327780143012e-15
1.174963567059306222e-15
1.165685390363791940e-15
1.156584877803178041e-15
1.147661109487041809e-15
1.138913165524961910e-15
1.130340126026514640e-15
1.121941071101279060e-15
1.113715080858831861e-15
1.105661235408751116e-15
1.097778614860614505e-15
1.090066299323999508e-15
1.082523368908484199e-15
1.075148903723645663e-15
1.067941983879062172e-15
1.060901689484311010e-15
1.054027100648970052e-15
1.047317297482616779e-15
1.040771360094829266e-15
1.034388368595184794e-15
1.028167403093261242e-15
1.022107543698635891e-15
1.016207870520887014e-15
1.010467463669591893e-15
1.004885403254328406e-15
9.994607693846740315e-16
9.941926421702068443e-16
9.890801017205041282e-16
9.841222281451435615e-16
9.793181015537030202e-16
9.746668020557599855e-16
9.701674097608923332e-16
9.658187719916430519e-16
9.616188049224173567e-16
9.575651919405853785e-16
9.536556164335174451e-16
9.498877617885840820e-16
9.462593113931556169e-16
9.427679486346029697e-16
9.394113569002956795e-16
9.361872195776048630e-16
9.330932200539006512e-16
9.301270417165533720e-16
9.272863679529337479e-16
9.245688821504115151e-16
9.219722676963577907e-16
9.194942079781427053e-16
9.171323863831365870e-16
9.148844862987099610e-16
9.127481911122331553e-16
9.107211842110764979e-16
9.088011489826105140e-16
9.069857688142059262e-16
9.052727270932324706e-16
9.036597072070610670e-16
9.021443925430618462e-16
9.007244664886053334e-16
8.993976124310618566e-16
8.981615137578019411e-16
8.970138538561959147e-16
8.959523161136141056e-16
8.949745839174268417e-16
8.940783406550050427e-16
8.932612697137186422e-16
8.925210544809381654e-16
8.918553783440339403e-16
8.912619246903762948e-16
8.907383769073361487e-16
8.902824183822832384e-16
8.898917325025884834e-16
8.895640026556218173e-16
8.892969442995177777e-16
8.890884011754657682e-16
8.889362490954194018e-16
8.888383638713316999e-16
8.887926213151560785e-16
8.887968972388459534e-16
8.888490674543543460e-16
8.889470077736350667e-16
8.890885940086411368e-16
8.892717019713257752e-16
8.894942074736425947e-16
8.897539863275450114e-16
8.900489143449862438e-16
8.903768673379193135e-16
8.907357211182980306e-16
8.911233514980752195e-16
8.915376342892046904e-16
8.919764453036396620e-16
8.924376603533333530e-16
8.929191552502391792e-16
8.934188058063103592e-16
8.939344878335003090e-16
8.944640771437626417e-16
8.950054495490499842e-16
8.955564808613163441e-16
8.961150468925149400e-16
8.966790234545985961e-16
8.972462863595213200e-16
8.978147114192361332e-16
8.983821744456962542e-16
8.989465512508552961e-16
8.995057176466664777e-16
9.000575494450830175e-16
9.005999224580583315e-16
9.011307124975456382e-16
9.016477953754987481e-16
9.021490469038704853e-16
9.026323428946142656e-16
9.030955591596837023e-16
9.035367745062021370e-16
9.039548797219737985e-16
9.043489685899736301e-16
9.047181348931761808e-16
9.050614724145561970e-16
9.053780749370880303e-16
9.056670362437466242e-16
9.059274501175065276e-16
9.061584103413420925e-16
9.063590106982286566e-16
9.065283449711403745e-16
9.066655069430517952e-16
9.067695903969376649e-16
9.068396891157727299e-16
9.068748968825315391e-16
9.068743074801888388e-16
9.068370146917189807e-16
9.067621123000969083e-16
9.066486940882971705e-16
9.064958538392947109e-16
9.063026853360634867e-16
9.060682823615788358e-16
9.057917386988151101e-16
9.054721481307464640e-16
9.051086044403486299e-16
9.047002014105951707e-16
9.042460328244614242e-16
9.037451924649217423e-16
9.031967741149506740e-16
9.025998715575231626e-16
9.019535785756135599e-16
9.012569889521968094e-16
9.005091964702472630e-16
8.997092949127398639e-16
8.988563780626489640e-16
8.979495397029491123e-16
8.969878736166154494e-16
8.959704735866221300e-16
8.948964333959440974e-16
8.937650625476914023e-16
8.925765334255170881e-16
8.913312341332096998e-16
8.900295527745577826e-16
8.886718774533494871e-16
8.872585962733737527e-16
8.857900973384189273e-16
8.842667687522735560e-16
8.826889986187261838e-16
8.810571750415652572e-16
8.793716861245794199e-16
8.776329199715569211e-16
8.758412646862867003e-16
8.739971083725568095e-16
8.721008391341562868e-16
8.701528450748732829e-16
8.681535142984962442e-16
8.661032349088140116e-16
8.640023950096148343e-16
8.618513827046874547e-16
8.596505860978202205e-16
8.574003932928016769e-16
8.551011923934205661e-16
8.527533715034650387e-16
8.503573187267238371e-16
8.479134221669855062e-16
8.454220699280382954e-16
8.428836501136711441e-16
8.402985508276723016e-16
8.376671601738303128e-16
8.349898662559338216e-16
8.322670571777710772e-16
8.294991210431309204e-16
8.266864459558016004e-16
8.238294200195718596e-16
8.209284313382301444e-16
8.179838680155648026e-16
8.149961181553646752e-16
8.119655698614180114e-16
8.088927201668936011e-16
8.057785018224808199e-16
8.026239565082492879e-16
7.994301259042681326e-16
7.961980516906073686e-16
7.929287755473362219e-16
7.896233391545243128e-16
7.862827841922414589e-16
7.829081523405565903e-16
7.795004852795396230e-16
7.760608246892599802e-16
7.725902122497872823e-16
7.690896896411911495e-16
7.655602985435406107e-16
7.620030806369058777e-16
7.584190776013557820e-16
7.548093311169605356e-16
7.511748828637891672e-16
7.475167745219113957e-16
7.438360477713968415e-16
7.401337442923148291e-16
7.364109057647348802e-16
7.326685738687267137e-16
7.289077902843597528e-16
7.251295966917036178e-16
7.213350347708277318e-16
7.175251462018015180e-16
7.137009726646947938e-16
7.098635558395767852e-16
7.060139374065172111e-16
7.021531590455854947e-16
6.982822624368512563e-16
6.944022892603840176e-16
6.905142811962533003e-16
6.866192799245284290e-16
6.827183271252792211e-16
6.788124644785751985e-16
6.749027336644855870e-16
6.709901763630802041e-16
6.670758086160552146e-16
6.631605439116143407e-16
6.592452700995878490e-16
6.553308750298060062e-16
6.514182465520994732e-16
6.475082725162982209e-16
6.436018407722328117e-16
6.396998391697338080e-16
6.358031555586310820e-16
6.319126777887554920e-16
6.280292937099371074e-16
6.241538911720064906e-16
6.202873580247939081e-16
6.164305821181295281e-16
6.125844513018441101e-16
6.087498534257677236e-16
6.049276763397307338e-16
6.011188078935637030e-16
5.973241359370967994e-16
5.935445483201605852e-16
5.897809328925852287e-16
5.860341775042012921e-16
5.823051700048388448e-16
5.785947982443285480e-16
5.749039500725005696e-16
5.712335133391853734e-16
5.675843758942133247e-16
5.639574255874146900e-16
5.603535502686199333e-16
5.567736377876594196e-16
5.532185759943636129e-16
5.496892527385625825e-16
5.461865558700868909e-16
5.427113732387668046e-16
5.392645926944328861e-16
5.358471020869153035e-16
5.324597892660445204e-16
5.291035420816508037e-16
5.257792483835646170e-16
5.224876894810832120e-16
5.192292205213718794e-16
5.160040901110628949e-16
5.128125468567881397e-16
5.096548393651799881e-16
5.065312162428708145e-16
5.034419260964924014e-16
5.003872175326774190e-16
4.973673391580574528e-16
4.943825395792652714e-16
4.914330674029326576e-16
4.885191712356920842e-16
4.856410996841755311e-16
4.827991013550152740e-16
4.799934248548434899e-16
4.772243187902923561e-16
4.744920317679940494e-16
4.717968123945808458e-16
4.691389092766847249e-16
4.665185710209381597e-16
4.639360462339732288e-16
4.613915835224218133e-16
4.588854314929166819e-16
4.564178387520895189e-16
4.539890539065726983e-16
4.515993255629984960e-16
4.492489023279989903e-16
4.469380328082063585e-16
4.446669656102527775e-16
4.424359493407705231e-16
4.402452326063916737e-16
4.380950640137485051e-16
4.359856921694732436e-16
4.339173656801979184e-16
4.318903331525548051e-16
4.299048431931760810e-16
4.279611444086940216e-16
4.260594854057406068e-16
4.242001147909482603e-16
4.223831767460863154e-16
4.206083977534740130e-16
4.188753998705675528e-16
4.171838051548232828e-16
4.155332356636976493e-16
4.139233134546469507e-16
4.123536605851275350e-16
4.108238991125959471e-16
4.093336510945082882e-16
4.078825385883211528e-16
4.064701836514907406e-16
4.050962083414735968e-16
4.037602347157258718e-16
4.024618848317039627e-16
4.012007807468645133e-16
3.999765445186634769e-16
3.987887982045574477e-16
3.976371638620028721e-16
3.965212635484559009e-16
3.954407193213730789e-16
3.943951532382106554e-16
3.933841873564250274e-16
3.924074437334725921e-16
3.914645444268096480e-16
3.905551114938926414e-16
3.896787669921778708e-16
3.888351329791217334e-16
3.880238315121805769e-16
3.872444846488107985e-16
3.864967144464686966e-16
3.857801429626107177e-16
3.850943922546932095e-16
3.844390843801724212e-16
3.838138413965048979e-16
3.832182853611468393e-16
3.826520383315547414e-16
3.821147223651849024e-16
3.816059595194936702e-16
3.811253718519374913e-16
3.806725375384521548e-16
3.802468592288917087e-16
3.798476956915897411e-16
3.794744056948795934e-16
3.791263480070949030e-16
3.788028813965692085e-16
3.785033646316359994e-16
3.782271564806288144e-16
3.779736157118809950e-16
3.777421010937263757e-16
3.775319713944981994e-16
3.773425853825301034e-16
3.771733018261556758e-16
3.770234794937082580e-16
3.768924771535215859e-16
3.767796535739289025e-16
3.766843675232640424e-16
3.766059777698602482e-16
3.765438430820512068e-16
3.764973222281703582e-16
3.764657739765512411e-16
3.764485570955273942e-16
3.764450303534323563e-16
3.764545525185996167e-16
3.764764823593626649e-16
3.765101786440550395e-16
3.765550001410102300e-16
3.766103056185618244e-16
3.766754538450433121e-16
3.767498035887881825e-16
3.768327136181300236e-16
3.769235427014022755e-16
3.770216496069385756e-16
3.771263931030722653e-16
3.772371319581369327e-16
3.773532249404661658e-16
3.774740308183934046e-16
3.775989083602522865e-16
3.777272163343761530e-16
3.778583392308965044e-16
3.779917644271362439e-16
3.781270050222161867e-16
3.782635741152570498e-16
3.784009848053796979e-16
3.785387501917048969e-16
3.786763833733533638e-16
3.788133974494460126e-16
3.789493055191035107e-16
3.790836206814467722e-16
3.792158560355964152e-16
3.793455246806734525e-16
3.794721397157985514e-16
3.795952142400923795e-16
3.797142613526759001e-16
3.798287941526698793e-16
3.799383257391950833e-16
3.800423692113722780e-16
3.801404376683222297e-16
3.802320442091658523e-16
3.803167019330237640e-16
3.803939239390168789e-16
3.804632233262659630e-16
3.805241131938917825e-16
3.805761066410151527e-16
3.806187167667567905e-16
3.806514566702375113e-16
3.806738394505782784e-16
3.806853782068996114e-16
3.806855860383224735e-16
3.806739760439675324e-16
3.806500613229557019e-16
3.806133549744076990e-16
3.805633700974443390e-16
3.804996197911864373e-16
3.804216171547547601e-16
3.803288752872699748e-16
3.802209072878530941e-16
3.800972262556246868e-16
3.799574087770753712e-16
3.798012853881740402e-16
3.796287501122595868e-16
3.794396969726705096e-16
3.792340199927456521e-16
3.790116131958235624e-16
3.787723706052430347e-16
3.785161862443428141e-16
3.782429541364614977e-16
3.779525683049377814e-16
3.776449227731104595e-16
3.773199115643181291e-16
3.769774287018995846e-16
3.766173682091933739e-16
3.762396241095382914e-16
3.758440904262730820e-16
3.754306611827363430e-16
3.749992304022667702e-16
3.745496921082031578e-16
3.740819403238841524e-16
3.735958690726484990e-16
3.730913723778346962e-16
3.725683442627816370e-16
3.720266787508280170e-16
3.714662698653124828e-16
3.708870116295736316e-16
3.702887980669503069e-16
3.696715232007811553e-16
3.690350810544048725e-16
3.683793656511601050e-16
3.677042710143856965e-16
3.670096911674201455e-16
3.662955201336023449e-16
3.655616519362707934e-16
3.648079805987643838e-16
3.640344001444216642e-16
3.632408045965813794e-16
3.624270879785822254e-16
3.615931443137629471e-16
3.607389242477410741e-16
3.598646049152500631e-16
3.589704200733024016e-16
3.580566034789101336e-16
3.571233888890856973e-16
3.561710100608415312e-16
3.551997007511898270e-16
3.542096947171431709e-16
3.532012257157135575e-16
3.521745275039135239e-16
3.511298338387554589e-16
3.500673784772514557e-16
3.489873951764141008e-16
3.478901176932555364e-16
3.467757797847882996e-16
3.456446152080245328e-16
3.444968577199766251e-16
3.433327410776569656e-16
3.421524990380777952e-16
3.409563653582517003e-16
3.397445737951906754e-16
3.385173581059072082e-16
3.372749520474136383e-16
3.360175893767224042e-16
3.347455038508455989e-16
3.334589292267957102e-16
3.321580992615850778e-16
3.308432477122259920e-16
3.295146083357308912e-16
3.281724148891119179e-16
3.268169011293815597e-16
3.254483008135520577e-16
3.240668476986358996e-16
3.226727755416452278e-16
3.212663180995924808e-16
3.198477091294899981e-16
3.184171823883500702e-16
3.169749716331850862e-16
3.155213106210072871e-16
3.140564540222569677e-16
3.125807401610856018e-16
3.110945282750728154e-16
3.095981776017977909e-16
3.080920473788402036e-16
3.065764968437793345e-16
3.050518852341946616e-16
3.035185717876657125e-16
3.019769157417716694e-16
3.004272763340923063e-16
2.988700128022068548e-16
2.973054843836947931e-16
2.957340503161355993e-16
2.941560698371086037e-16
2.925719021841934322e-16
2.909819065949693166e-16
2.893864423070157841e-16
2.877858685579123131e-16
2.861805445852382830e-16
2.845708296265731720e-16
2.829570829194963595e-16
2.813396637015872745e-16
2.797189312104254936e-16
2.780952446835902486e-16
2.764689633586612147e-16
2.748404464732176728e-16
2.732100532648390519e-16
2.715781429711048300e-16
2.699450748295944854e-16
2.683112080778873974e-16
2.666769019535629950e-16
2.650425156942008056e-16
2.634084085373801595e-16
2.617749397206805347e-16
2.601424684816813601e-16
2.585113540579620645e-16
2.568819556871022248e-16
2.552546326066810231e-16
2.536297440542780856e-16
2.520076326734489270e-16
2.503885747316536023e-16
2.487728299023283513e-16
2.471606578589092657e-16
2.455523182748325851e-16
2.439480708235345491e-16
2.423481751784512988e-16
2.407528910130190738e-16
2.391624780006739659e-16
2.375771958148522639e-16
2.359973041289901583e-16
2.344230626165237406e-16
2.328547309508893000e-16
2.312925688055229280e-16
2.297368358538609136e-16
2.281877917693394472e-16
2.266456962253946205e-16
2.251108088954627717e-16
2.235833894529799432e-16
2.220636975713824734e-16
2.205519929241064292e-16
2.190485351845880256e-16
2.175535840262635023e-16
2.160673991225690003e-16
2.145902401469407593e-16
2.131223667728148956e-16
2.116640386736276488e-16
2.102155155228152586e-16
2.087770569938138413e-16
2.073489227600596367e-16
2.059313724949887856e-16
2.045246658720375032e-16
2.031290625646419797e-16
2.017448222462384055e-16
2.003722045902629709e-16
1.990114692701519155e-16
1.976628759593413557e-16
1.963266843312675065e-16
1.950031540593665582e-16
1.936925093579701345e-16
1.923948326049914444e-16
1.911101707192392536e-16
1.898385706195221305e-16
1.885800792246487913e-16
1.873347434534279033e-16
1.861026102246681086e-16
1.848837264571781237e-16
1.836781390697665662e-16
1.824858949812421279e-16
1.813070411104135250e-16
1.801416243760893508e-16
1.789896916970783213e-16
1.778512899921890792e-16
1.767264661802303406e-16
1.756152671800107233e-16
1.745177399103388944e-16
1.734339312900235208e-16
1.723638882378733436e-16
1.713076576726969804e-16
1.702652865133031230e-16
1.692368216785003890e-16
1.682223100870975195e-16
1.672217986579031075e-16
1.662353343097258694e-16
1.652629639613744721e-16
1.643047345316575581e-16
1.633606929393838437e-16
1.624308861033619466e-16
1.615153609424005831e-16
1.606141643753084203e-16
1.597273433208940758e-16
1.588549446979662415e-16
1.579970154253336335e-16
1.571536024218048697e-16
1.563247526061886170e-16
1.555105128972936164e-16
1.547109302139284364e-16
1.539260514749018179e-16
1.531558933651002519e-16
1.524003516337216483e-16
1.516592917960418150e-16
1.509325793673365103e-16
1.502200798628815177e-16
1.495216587979525707e-16
1.488371816878255020e-16
1.481665140477760948e-16
1.475095213930800088e-16
1.468660692390131012e-16
1.462360231008512046e-16
1.456192484938699540e-16
1.450156109333452315e-16
1.444249759345527460e-16
1.438472090127683548e-16
1.432821756832677177e-16
1.427297414613267165e-16
1.421897718622210605e-16
1.416621324012265082e-16
1.411466885936189166e-16
1.406433059546739703e-16
1.401518499996675018e-16
1.396721862438752449e-16
1.392041802025729829e-16
1.387476973910365234e-16
1.383026033245416252e-16
1.378687635183640219e-16
1.374460434877795461e-16
1.370343087480639069e-16
1.366334248144929370e-16
1.362432572023423700e-16
1.358636714268879892e-16
1.354945330034056023e-16
1.351357074471709680e-16
1.347870602734598447e-16
1.344484569975479908e-16
1.341197631347111897e-16
1.338008442002252491e-16
1.334915657093659028e-16
1.331917828737200439e-16
1.329013096901191276e-16
1.326199498517055711e-16
1.323475070516219149e-16
1.320837849830106502e-16
1.318285873390143174e-16
1.315817178127753584e-16
1.313429800974363876e-16
1.311121778861397976e-16
1.308891148720281041e-16
1.306735947482438970e-16
1.304654212079295933e-16
1.302643979442277584e-16
1.300703286502808585e-16
1.298830170192313850e-16
1.297022667442218783e-16
1.295278815183948788e-16
1.293596650348928284e-16
1.291974209868582182e-16
1.290409530674336134e-16
1.288900649697614558e-16
1.287445603869843353e-16
1.286042430122446689e-16
1.284689165386849971e-16
1.283383846594478358e-16
1.282124510676757008e-16
1.280909194565110586e-16
1.279735935190964250e-16
1.278602769485743404e-16
1.277507734380872467e-16
1.276448866807777091e-16
1.275424203697881693e-16
1.274431781982612172e-16
1.273469638593392700e-16
1.272535810461649173e-16
1.271628334518805765e-16
1.270745247696288372e-16
1.269884586925521414e-16
1.269044389137930048e-16
1.268222786359090606e-16
1.267418290991182138e-16
1.266629510530535853e-16
1.265855052473481974e-16
1.265093524316351465e-16
1.264343533555474548e-16
1.263603687687181940e-16
1.262872594207804111e-16
1.262148860613672023e-16
1.261431094401116147e-16
1.260717903066466704e-16
1.260007894106054413e-16
1.259299675016210481e-16
1.258591853293264887e-16
1.257883036433548099e-16
1.257171831933391080e-16
1.256456847289124547e-16
1.255736689997079216e-16
1.255009967553584571e-16
1.254275287454972561e-16
1.253531257197572915e-16
1.252776484277716597e-16
1.252009576191734076e-16
1.251229140435956069e-16
1.250433784506713292e-16
1.249622115900335968e-16
1.248792742113155060e-16
1.247944270641500792e-16
1.247075308981703879e-16
1.246184464630095038e-16
1.245270345083004985e-16
1.244331557836764191e-16
1.243366710387703124e-16
1.242374410232152254e-16
1.241353264866442792e-16
1.240301881786904959e-16
1.239218868489868980e-16
1.238102832471665571e-16
1.236952381228625941e-16
1.235766309179227093e-16
1.234544158430533895e-16
1.233285658011758979e-16
1.231990536952113007e-16
1.230658524280808611e-16
1.229289349027057438e-16
1.227882740220071382e-16
1.226438426889062583e-16
1.224956138063242195e-16
1.223435602771822851e-16
1.221876550044015704e-16
1.220278708909032896e-16
1.218641808396086812e-16
1.216965577534388606e-16
1.215249745353150172e-16
1.213494040881583404e-16
1.211698193148900442e-16
1.209861931184313178e-16
1.207984984017033014e-16
1.206067080676272336e-16
1.204107950191242791e-16
1.202107321591155779e-16
1.200064923905223934e-16
1.197980486162658410e-16
1.195853737392671839e-16
1.193684406624475129e-16
1.191472222887280914e-16
1.189216915210300593e-16
1.186918212622746060e-16
1.184575844153829455e-16
1.182189538832762673e-16
1.179759025688757112e-16
1.177284033751024913e-16
1.174764292048777971e-16
1.172199529611227931e-16
1.169589475467586687e-16
1.166933858647066626e-16
1.164232408178878901e-16
1.161484853092235654e-16
1.158691074340917416e-16
1.155851560576980510e-16
1.152966952377049405e-16
1.150037890317749063e-16
1.147065014975704199e-16
1.144048966927539281e-16
1.140990386749879519e-16
1.137889915019350120e-16
1.134748192312574566e-16
1.131565859206178807e-16
1.128343556276787557e-16
1.125081924101024792e-16
1.121781603255516213e-16
1.118443234316886043e-16
1.115067457861759490e-16
1.111654914466760775e-16
1.108206244708515355e-16
1.104722089163647450e-16
1.101203088408782024e-16
1.097649883020544284e-16
1.094063113575558329e-16
1.090443420650449615e-16
1.086791444821842239e-16
1.083107826666361534e-16
1.079393206760632092e-16
1.075648225681278875e-16
1.071873524004926350e-16
1.068069742308199604e-16
1.064237521167723105e-16
1.060377501160122185e-16
1.056490322862020942e-16
1.052576626850044832e-16
1.048637053700818200e-16
1.044672243990965884e-16
1.040682838297112970e-16
1.036669477195883926e-16
1.032632801263903715e-16
1.028573451077796928e-16
1.024492067214188649e-16
1.020389334900434584e-16
1.016266117966815618e-16
1.012123324894343135e-16
1.007961864164029010e-16
1.003782644256885119e-16
9.995865736539232140e-17
9.953745608361548006e-17
9.911475142845920012e-17
9.869063424802460748e-17
9.826519539041292669e-17
9.783852570372532065e-17
9.741071603606292762e-17
9.698185723552698444e-17
9.655204015021860473e-17
9.612135562823900068e-17
9.568989451768934754e-17
9.525774766667080820e-17
9.482500592328454556e-17
9.439176013563175951e-17
9.395810115181362529e-17
9.352411981993130578e-17
9.308990698808596390e-17
9.265555350437879953e-17
9.222115021691098790e-17
9.178678797378367958e-17
9.135255762309807446e-17
9.091855001295533544e-17
9.048485599145662543e-17
9.005156640670314430e-17
8.961877210679605497e-17
8.918656393983654498e-17
8.875503275392576491e-17
8.832426939716490233e-17
8.789436471765514478e-17
8.746540956349765517e-17
8.703749478279359640e-17
8.661071122364416836e-17
8.618514973415054628e-17
8.576090116241386840e-17
8.533805074668166222e-17
8.491666128578666706e-17
8.449678996870793750e-17
8.407849398442457745e-17
8.366183052191559221e-17
8.324685677016009800e-17
8.283362991813712477e-17
8.242220715482578874e-17
8.201264566920509521e-17
8.160500265025414808e-17
8.119933528695200194e-17
8.079570076827773605e-17
8.039415628321040500e-17
7.999475902072903874e-17
7.959756616981277815e-17
7.920263491944062852e-17
7.881002245859168143e-17
7.841978597624499147e-17
7.803198266137963789e-17
7.764666970297467529e-17
7.726390429000917060e-17
7.688374361146219073e-17
7.650624485631280262e-17
7.613146521354008550e-17
7.575946187212306933e-17
7.539029202104085800e-17
7.502401284927249380e-17
7.466068154579705596e-17
7.430035529959361141e-17
7.394309129964120242e-17
7.358894673491892056e-17
7.323797879440582045e-17
7.289024466708096899e-17
7.254580154192344543e-17
7.220470660791227973e-17
7.186701705402657579e-17
7.153279006924538819e-17
7.120208284254775921e-17
7.087495256291279276e-17
7.055144667896881043e-17
7.023157367794139901e-17
6.991533230670532602e-17
6.960272131213545757e-17
6.929373944110662281e-17
6.898838544049362623e-17
6.868665805717130928e-17
6.838855603801452578e-17
6.809407812989804322e-17
6.780322307969676471e-17
6.751598963428544543e-17
6.723237654053896382e-17
6.695238254533214904e-17
6.667600639553978091e-17
6.640324683803675020e-17
6.613410261969784909e-17
6.586857248739790671e-17
6.560665518801175220e-17
6.534834946841421470e-17
6.509365407548014801e-17
6.484256775608435662e-17
6.459508925710166967e-17
6.435121732540692862e-17
6.411095070787492564e-17
6.387428815138052685e-17
6.364122840279856139e-17
6.341177020900382143e-17
6.318591231687117308e-17
6.296365347327543315e-17
6.274499242509143080e-17
6.252992791919398283e-17
6.231845870245793071e-17
6.211058352175810359e-17
6.190630112396931828e-17
6.170561025596640391e-17
6.150850966462420197e-17
6.131499809681754159e-17
6.112507429942122725e-17
6.093873701931011276e-17
6.075597767398632672e-17
6.057675836346124492e-17
6.040103385837356727e-17
6.022875892936194437e-17
6.005988834706511311e-17
5.989437688212174876e-17
5.973217930517051423e-17
5.957325038685009712e-17
5.941754489779922197e-17
5.926501760865653941e-17
5.911562329006074933e-17
5.896931671265053932e-17
5.882605264706460930e-17
5.868578586394162218e-17
5.854847113392030253e-17
5.841406322763928863e-17
5.828251691573729271e-17
5.815378696885302701e-17
5.802782815762512981e-17
5.790459525269232567e-17
5.778404302469330218e-17
5.766612624426669760e-17
5.755079968205126115e-17
5.743801810868565577e-17
5.732773629480856904e-17
5.721990901105866389e-17
5.711449102807468952e-17
5.701143711649527191e-17
5.691070204695912327e-17
5.681224059010493119e-17
5.671600751657138325e-17
5.662195759699716705e-17
5.653004560202097015e-17
5.644022630228148015e-17
5.635245446841738462e-17
5.626668487106735883e-17
5.618287228087010268e-17
5.610097146846430375e-17
5.602093720448864964e-17
5.594272282392089960e-17
5.586627591909503802e-17
5.579154264668418262e-17
5.571846916336138947e-17
5.564700162579973930e-17
5.557708619067231283e-17
5.550866901465219695e-17
5.544169625441249705e-17
5.537611406662623222e-17
5.531186860796651401e-17
5.524890603510644164e-17
5.518717250471906501e-17
5.512661417347747101e-17
5.506717719805474038e-17
5.500880773512397234e-17
5.495145194135820446e-17
5.489505597343055446e-17
5.483956598801407841e-17
5.478492814178186936e-17
5.473108859140700805e-17
5.467799349356256903e-17
5.462558900492162072e-17
5.457382128215726848e-17
5.452263648194256840e-17
5.447198076095061353e-17
5.442180027585447227e-17
5.437204118332724384e-17
5.432264964004198431e-17
5.427357180267178674e-17
5.422475382788972570e-17
5.417614187236888807e-17
5.412768209278235458e-17
5.407932064580318131e-17
5.403100368810447980e-17
5.398267737635930613e-17
5.393428786724075951e-17
5.388578131742190218e-17
5.383710388357582104e-17
5.378820172237559681e-17
5.373902473325519803e-17
5.368953778669211980e-17
5.363970949592478816e-17
5.358950847419156755e-17
5.353890333473088401e-17
5.348786269078110812e-17
5.343635515558065977e-17
5.338434934236791571e-17
5.333181386438129583e-17
5.327871733485917687e-17
5.322502836703997256e-17
5.317071557416206581e-17
5.311574756946387034e-17
5.306009296618376289e-17
5.300372037756015720e-17
5.294659841683143617e-17
5.288869569723600736e-17
5.282998083201227218e-17
5.277042243439860736e-17
5.270998911763343280e-17
5.264864949495513757e-17
5.258637217960211690e-17
5.252312578481275987e-17
5.245887892382548020e-17
5.239360020987866697e-17
5.232725825621071540e-17
5.225982167606002074e-17
5.219125908266499671e-17
5.212153908926401389e-17
5.205063030909549217e-17
5.197850135539782063e-17
5.190512084140938833e-17
5.183045738036860900e-17
5.175447958551385939e-17
5.167715607008355938e-17
5.159845544731609189e-17
5.151834633044985831e-17
5.143679733272324771e-17
5.135377706737466766e-17
5.126925971373074975e-17
5.118324171547113268e-17
5.109572508236366684e-17
5.100671182417622110e-17
5.091620395067665821e-17
5.082420347163285320e-17
5.073071239681265647e-17
5.063573273598396156e-17
5.053926649891459421e-17
5.044131569537246030e-17
5.034188233512539788e-17
5.024096842794127585e-17
5.013857598358798158e-17
5.003470701183335314e-17
4.992936352244527174e-17
4.982254752519160627e-17
4.971426102984020096e-17
4.960450604615894318e-17
4.949328458391568951e-17
4.938059865287831498e-17
4.926645026281466999e-17
4.915084142349262960e-17
4.903377414468005651e-17
4.891525043614481963e-17
4.879527230765478784e-17
4.867384176897781768e-17
4.855096082988177190e-17
4.842663150013454402e-17
4.830085578950395980e-17
4.817363570775790660e-17
4.804497326466425331e-17
4.791487046999086266e-17
4.778332933350558503e-17
4.765035186497631398e-17
4.751594007417088140e-17
4.738009597085718084e-17
4.724282156480307501e-17
4.710411886577641432e-17
4.696398988354507998e-17
4.682244052087365787e-17
4.667949225251365739e-17
4.653517044621334190e-17
4.638950046972093164e-17
4.624250769078467148e-17
4.609421747715281863e-17
4.594465519657360566e-17
4.579384621679527743e-17
4.564181590556606651e-17
4.548858963063423626e-17
4.533419275974801308e-17
4.517865066065564801e-17
4.502198870110538594e-17
4.486423224884544709e-17
4.470540667162411332e-17
4.454553733718959254e-17
4.438464961329014195e-17
4.422276886767400028e-17
4.405992046808941239e-17
4.389612978228462318e-17
4.373142217800788369e-17
4.356582302300741415e-17
4.339935768503147176e-17
4.323205153182829525e-17
4.306392993114612949e-17
4.289501825073322553e-17
4.272534185833780360e-17
4.255492612170813323e-17
4.238379640859244082e-17
4.221197808673896508e-17
4.203949652389596322e-17
4.186637708781165548e-17
4.169264514623431754e-17
4.151832606691216963e-17
4.134344521759346280e-17
4.116802796602642345e-17
4.099209967995930878e-17
4.081568572714036983e-17
4.063881147531783300e-17
4.046150287390545311e-17
4.028378819897898162e-17
4.010569630827971076e-17
3.992725605954888343e-17
3.974849631052777337e-17
3.956944591895764198e-17
3.939013374257976915e-17
3.921058863913541629e-17
3.903083946636584481e-17
3.885091508201232843e-17
3.867084434381612856e-17
3.849065610951851892e-17
3.831037923686076092e-17
3.813004258358412214e-17
3.794967500742986396e-17
3.776930536613926630e-17
3.758896251745358438e-17
3.740867531911409193e-17
3.722847262886204421e-17
3.704838330443872726e-17
3.686843620358539017e-17
3.668866018404331282e-17
3.650908410355375046e-17
3.632973681985797681e-17
3.615064719069725945e-17
3.597184407381286595e-17
3.579335632694605770e-17
3.561521280783810843e-17
3.543744237423027340e-17
3.526007388386382632e-17
3.508313619448003477e-17
3.490665816382017863e-17
3.473066864962550083e-17
3.455519650963727510e-17
3.438027060159677515e-17
3.420591978324527473e-17
3.403217291232401675e-17
3.385905884657428111e-17
3.368660644373734152e-17
3.351484242279723220e-17
3.334378494770913396e-17
3.317345004367098195e-17
3.300385373588071747e-17
3.283501204953628797e-17
3.266694100983564708e-17
3.249965664197673609e-17
3.233317497115750247e-17
3.216751202257588136e-17
3.200268382142982637e-17
3.183870639291728496e-17
3.167559576223619228e-17
3.151336795458450811e-17
3.135203899516016758e-17
3.119162490916111816e-17
3.103214172178530730e-17
3.087360545823067630e-17
3.071603214369517263e-17
3.055943780337674375e-17
3.040383846247333711e-17
3.024925014618289401e-17
3.009568887970335576e-17
2.994317068823266981e-17
2.979171159696878979e-17
2.964132763110965699e-17
2.949203481585321271e-17
2.934384917639739826e-17
2.919678673794017341e-17
2.905086352567946714e-17
2.890609556481323924e-17
2.876249888053943100e-17
2.862008949805598373e-17
2.847888344256084487e-17
2.833889673925195574e-17
2.820014541332727612e-17
2.806264548998472881e-17
2.792641299442227977e-17
2.779146395183786413e-17
2.765781438742942627e-17
2.752547733581608215e-17
2.739445386930162482e-17
2.726474206961099732e-17
2.713634001846915811e-17
2.700924579760106565e-17
2.688345748873166916e-17
2.675897317358592709e-17
2.663579093388879175e-17
2.651390885136521233e-17
2.639332500774015656e-17
2.627403748473857055e-17
2.615604436408540354e-17
2.603934372750562012e-17
2.592393365672416953e-17
2.580981223346600714e-17
2.569697753945608524e-17
2.558542765641936538e-17
2.547516066608078752e-17
2.536617465016531937e-17
2.525846769039791631e-17
2.515203786850352138e-17
2.504688326620710229e-17
2.494300196523360210e-17
2.484039204730797925e-17
2.473905159415519222e-17
2.463897868750018404e-17
2.454017140906792551e-17
2.444262784058335967e-17
2.434634606377143883e-17
2.425132416035713068e-17
2.415756021206537520e-17
2.406505230062113701e-17
2.397379850774936532e-17
2.388379691517501551e-17
2.379504560462304295e-17
2.370754265781839995e-17
2.362128615648604187e-17
2.353627418235092719e-17
2.345250481713800202e-17
2.336997408936323420e-17
2.328866981470660435e-17
2.320857775563910861e-17
2.312968367463172772e-17
2.305197333415545783e-17
2.297543249668129201e-17
2.290004692468021408e-17
2.282580238062322635e-17
2.275268462698130339e-17
2.268067942622545369e-17
2.260977254082665182e-17
2.253994973325589701e-17
2.247119676598417924e-17
2.240349940148248233e-17
2.233684340222180860e-17
2.227121453067313879e-17
2.220659854930746596e-17
2.214298122059578317e-17
2.208034830700908043e-17
2.201868557101834462e-17
2.195797877509456881e-17
2.189821368170874915e-17
2.183937605333186639e-17
2.178145165243491359e-17
2.172442624148888381e-17
2.166828558296477320e-17
2.161301543933355942e-17
2.155860157306624171e-17
2.150502974663381004e-17
2.145228572250725132e-17
2.140035526315755861e-17
2.134922413105572499e-17
2.129887808867273427e-17
2.124930289847958568e-17
2.120048432294726305e-17
2.115240812454675944e-17
2.110506006574906484e-17
2.105842590902516923e-17
2.101249141684606567e-17
2.096724205256812681e-17
2.092266208308926205e-17
2.087873547619277577e-17
2.083544619966195387e-17
2.079277822128009148e-17
2.075071550883049300e-17
2.070924203009645047e-17
2.066834175286126212e-17
2.062799864490821384e-17
2.058819667402061001e-17
2.054891980798174270e-17
2.051015201457491012e-17
2.047187726158340742e-17
2.043407951679052664e-17
2.039674274797957217e-17
2.035985092293382683e-17
2.032338800943659500e-17
2.028733797527117182e-17
2.025168478822085242e-17
2.021641241606893503e-17
2.018150482659870863e-17
2.014694598759347142e-17
2.011271986683652164e-17
2.007881043211115443e-17
2.004520165120066491e-17
2.001187749188834823e-17
1.997882192195749954e-17
1.994601890919141396e-17
1.991345242137338972e-17
1.988110642628672195e-17
1.984896489171470272e-17
1.981701178544063333e-17
1.978523107524780891e-17
1.975360672891951536e-17
1.972212271423906015e-17
1.969076299898973533e-17
1.965951155095483604e-17
1.962835233791765742e-17
1.959726932766149769e-17
1.956624762323175902e-17
1.953527686872227794e-17
1.950434784348901337e-17
1.947345132688790888e-17
1.944257809827491417e-17
1.941171893700598511e-17
1.938086462243706216e-17
1.935000593392409811e-17
1.931913365082304267e-17
1.928823855248985171e-17
1.925731141828046262e-17
1.922634302755083742e-17
1.919532415965691658e-17
1.916424559395465597e-17
1.913309810979999913e-17
1.910187248654890195e-17
1.907055950355731103e-17
1.903914994018117609e-17
1.900763457577644685e-17
1.897600418969907300e-17
1.894424956130500425e-17
1.891236146995018415e-17
1.888033069499057781e-17
1.884814801578211646e-17
1.881580421168076828e-17
1.878329006204246451e-17
1.875059634622316716e-17
1.871771384357881979e-17
1.868463333346537827e-17
1.865134559523878306e-17
1.861784140825499004e-17
1.858411155186994890e-17
1.855014680543960936e-17
1.851593794831991804e-17
1.848147575986683082e-17
1.844675101943628507e-17
1.841175450638423975e-17
1.837647700006664765e-17
1.834090927983944923e-17
1.830504370271524350e-17
1.826887893633322666e-17
1.823241522598922571e-17
1.819565281697908000e-17
1.815859195459861654e-17
1.812123288414368083e-17
1.808357585091009679e-17
1.804562110019371301e-17
1.800736887729035342e-17
1.796881942749585735e-17
1.792997299610606106e-17
1.789082982841679772e-17
1.785139016972390359e-17
1.781165426532320876e-17
1.777162236051055565e-17
1.773129470058177743e-17
1.769067153083270419e-17
1.764975309655917836e-17
1.760853964305703002e-17
1.756703141562209852e-17
1.752522865955021394e-17
1.748313162013721254e-17
1.744074054267892749e-17
1.739805567247120121e-17
1.735507725480986072e-17
1.731180553499074534e-17
1.726824075830969134e-17
1.722438317006253189e-17
1.718023301554510324e-17
1.713579054005323549e-17
1.709105598888276797e-17
1.704602960732954002e-17
1.700071164068937557e-17
1.695510233425811703e-17
1.690920193333160067e-17
1.686301068320565965e-17
1.681652882917613024e-17
1.676975661653884252e-17
1.672269429058963583e-17
1.667534313161595850e-17
1.662770855987174107e-17
1.657979703060251076e-17
1.653161499905381326e-17
1.648316892047117269e-17
1.643446525010014093e-17
1.638551044318625133e-17
1.633631095497504345e-17
1.628687324071204756e-17
1.623720375564281244e-17
1.618730895501286532e-17
1.613719529406774880e-17
1.608686922805300241e-17
1.603633721221415954e-17
1.598560570179675971e-17
1.593468115204634247e-17
1.588357001820844426e-17
1.583227875552860154e-17
1.578081381925235384e-17
1.572918166462523763e-17
1.567738874689278934e-17
1.562544152130055160e-17
1.557334644309405779e-17
1.552110996751884743e-17
1.546873854982045698e-17
1.541623864524442290e-17
1.536361670903628779e-17
1.531087919644158504e-17
1.525803256270585418e-17
1.520508326307463166e-17
1.515203775279345701e-17
1.509890248710786670e-17
1.504568392126339718e-17
1.499238851050559105e-17
1.493902271007998478e-17
1.488559297523210866e-17
1.483210576120750838e-17
1.477856752325171732e-17
1.472498471661027501e-17
1.467136387398104449e-17
1.461771183787120129e-17
1.456403552824024135e-17
1.451034186504766679e-17
1.445663776825296430e-17
1.440293015781564834e-17
1.434922595369520560e-17
1.429553207585114127e-17
1.424185544424295130e-17
1.418820297883013472e-17
1.413458159957218749e-17
1.408099822642861479e-17
1.402745977935890948e-17
1.397397317832256752e-17
1.392054534327909719e-17
1.386718319418798518e-17
1.381389365100874131e-17
1.376068363370085844e-17
1.370756006222383253e-17
1.365452985653716723e-17
1.360159993660036003e-17
1.354877722237290532e-17
1.349606863381430831e-17
1.344348109088406341e-17
1.339102151354166656e-17
1.333869682174662295e-17
1.328651393545842545e-17
1.323447977463657618e-17
1.318260125924057261e-17
1.313088530922991225e-17
1.307933884456409565e-17
1.302796878520261877e-17
1.297678205110498219e-17
1.292578556223068183e-17
1.287498623853921829e-17
1.282439099999009213e-17
1.277400676654279929e-17
1.272384045815683880e-17
1.267389899479170816e-17
1.262418863290833729e-17
1.257471297497337200e-17
1.252547495995489669e-17
1.247647752682098191e-17
1.242772361453971052e-17
1.237921616207915922e-17
1.233095810840740626e-17
1.228295239249253142e-17
1.223520195330260833e-17
1.218770972980572293e-17
1.214047866096994576e-17
1.209351168576335969e-17
1.204681174315404295e-17
1.200038177211006919e-17
1.195422471159952279e-17
1.190834350059047739e-17
1.186274107805101122e-17
1.181742038294920561e-17
1.177238435425313727e-17
1.172763593093088444e-17
1.168317805195052536e-17
1.163901365628013519e-17
1.159514568288779835e-17
1.155157707074158845e-17
1.150831075880958682e-17
1.146534968605986862e-17
1.142269679146051209e-17
1.138035501397959857e-17
1.133832729258520167e-17
1.129661656624540425e-17
1.125522577392828149e-17
1.121415785460191470e-17
1.117341574723437905e-17
1.113300239079375279e-17
1.109292072424811569e-17
1.105317368656554446e-17
1.101376421671412043e-17
1.097469525366191722e-17
1.093596973637701769e-17
1.089758993369074658e-17
1.085955543388744391e-17
1.082186515511469000e-17
1.078451801552007137e-17
1.074751293325117297e-17
1.071084882645558439e-17
1.067452461328088751e-17
1.063853921187466576e-17
1.060289154038450871e-17
1.056758051695799978e-17
1.053260505974272394e-17
1.049796408688626924e-17
1.046365651653621754e-17
1.042968126684015691e-17
1.039603725594567383e-17
1.036272340200034865e-17
1.032973862315177096e-17
1.029708183754752570e-17
1.026475196333519632e-17
1.023274791866237393e-17
1.020106862167663578e-17
1.016971299052557147e-17
1.013867994335676750e-17
1.010796839831780574e-17
1.007757727355627733e-17
1.004750548721976105e-17
1.001775195745584650e-17
9.988315602412118643e-18
9.959195340236162432e-18
9.930390089075562832e-18
9.901898767077904806e-18
9.873720292390776396e-18
9.845853583161761025e-18
9.818297557538445195e-18
9.791051133668410787e-18
9.764113229699248925e-18
9.737482763778539949e-18
9.711158654053870363e-18
9.685139818672829750e-18
9.659424418519884432e-18
9.634007585427064688e-18
9.608883693963277537e-18
9.584047118697429993e-18
9.559492234198439861e-18
9.535213415035209534e-18
9.511205035776656814e-18
